0.0000000000000000 7.55666 1140.36 -1.02267e+06
1.00000000000000002E-003 8.51624 1109.38 960721
2.00000000000000004E-003 9.56805 454.994 -2.27211e+06
3.00000000000000006E-003 9.15958 -996.891 -626777
4.00000000000000008E-003 8.09555 -885.065 850169
5.00000000000000010E-003 7.58884 -176.831 562770
6.00000000000000012E-003 7.53826 -80.2812 -371279
7.00000000000000015E-003 7.3392 -248.962 37953.6
8.00000000000000017E-003 7.26629 261.154 984145
9.00000000000000105E-003 7.56782 -117.148 -1.75551e+06
1.00000000000000002E-002 6.9933 -599.582 814611
1.09999999999999994E-002 6.69464 -112.231 143756
1.20000000000000002E-002 6.67115 84.279 253651
1.30000000000000011E-002 6.78766 52.1003 -322151
1.40000000000000003E-002 6.701 -200.764 -178874
1.49999999999999994E-002 6.51579 -62.9805 457863
1.60000000000000003E-002 6.58375 96.2628 -148732
1.70000000000000012E-002 6.62168 -1.50668 -41013.8
1.80000000000000021E-002 6.40746 -624.555 -1.21604e+06
1.89999999999999995E-002 5.40877 -1127.2 234500
2.00000000000000004E-002 4.59271 -312.503 1.39187e+06
2.10000000000000013E-002 4.8756 768.835 752865
2.19999999999999987E-002 5.74606 692.034 -917108
2.29999999999999996E-002 6.01032 -122.352 -690674
2.40000000000000005E-002 5.60897 -613.135 -289122
2.50000000000000014E-002 5.16489 47.5598 1.62869e+06
2.60000000000000023E-002 5.50828 88.7517 -1.61104e+06
2.69999999999999997E-002 5.18033 -318.679 871459
2.80000000000000006E-002 5.17691 168.908 58170.1
2.90000000000000015E-002 5.33391 108.442 -170264
2.99999999999999989E-002 5.35728 -60.0171 -163369
3.09999999999999998E-002 5.26176 -82.8209 121889
3.20000000000000007E-002 5.20123 -81.0064 -126602
3.30000000000000016E-002 5.03096 -284.669 -279051
3.40000000000000024E-002 4.648 -436.666 -18146.5
3.50000000000000033E-002 4.33101 -64.2068 771948
3.60000000000000042E-002 4.47523 158.493 -360366
3.69999999999999982E-002 4.48218 -103.687 -138994
3.79999999999999991E-002 4.37311 -49.0342 250948
3.89999999999999999E-002 4.24871 -416.092 -1.01662e+06
4.00000000000000008E-002 3.60608 -557.626 794243
4.10000000000000017E-002 3.48459 336.92 960705
4.20000000000000026E-002 4.03724 485.749 -699805
4.30000000000000035E-002 4.31987 253.982 292803
4.39999999999999974E-002 4.67477 395.789 -38918.1
4.49999999999999983E-002 5.19317 796.746 868781
4.59999999999999992E-002 6.23369 1069.72 -371832
4.70000000000000001E-002 6.92669 127.21 -1.50968e+06
4.80000000000000010E-002 6.67039 -228.009 882142
4.90000000000000019E-002 6.81597 416.242 333721
5.00000000000000028E-002 7.22138 211.299 -755028
5.10000000000000037E-002 7.19751 -91.6239 200610
5.20000000000000046E-002 7.18101 18.269 -11974.7
5.29999999999999985E-002 7.15401 -111.42 -247159
5.39999999999999994E-002 6.89778 -420.813 -368618
5.50000000000000003E-002 6.48103 -206.998 831874
5.60000000000000012E-002 6.47408 -58.606 -608764
5.70000000000000021E-002 6.27956 -125.552 549809
5.80000000000000029E-002 6.32021 70.4453 -214853
5.90000000000000038E-002 6.20631 -369.745 -654391
5.99999999999999978E-002 5.67612 -502.177 434294
6.09999999999999987E-002 5.3566 -192.109 143039
6.19999999999999996E-002 5.22921 -64.8364 121070
6.30000000000000004E-002 5.18191 -76.6929 -152905
6.40000000000000013E-002 5.07455 -83.1809 158647
6.50000000000000022E-002 5.145 300.288 612219
6.60000000000000031E-002 5.60083 437.949 -384177
6.70000000000000040E-002 5.89463 220.32 -4019.4
6.80000000000000049E-002 6.13162 266.867 85750.1
6.90000000000000058E-002 6.35759 91.0544 -458545
7.00000000000000067E-002 6.31825 -50.1276 219116
7.10000000000000075E-002 6.33714 29.8499 -95464.1
7.20000000000000084E-002 6.33678 -4.62516 43976.1
7.29999999999999954E-002 6.37764 109.546 183726
7.39999999999999963E-002 6.51991 106.48 -209291
7.49999999999999972E-002 6.57753 78.9201 184027
7.59999999999999981E-002 6.6727 18.5373 -340388
7.69999999999999990E-002 6.62406 10.5118 372795
7.79999999999999999E-002 6.83969 426.416 431878
7.90000000000000008E-002 7.27739 218.779 -900339
8.00000000000000017E-002 7.21692 -119.15 327857
8.10000000000000026E-002 7.13387 -218.603 -618079
8.20000000000000034E-002 6.78523 -255.039 638300
8.30000000000000043E-002 6.67453 -192.537 -620449
8.40000000000000052E-002 6.41206 -31.1929 1.07024e+06
8.50000000000000061E-002 6.71841 380.324 -384973
8.60000000000000070E-002 6.88575 -33.3547 -373922
8.70000000000000079E-002 6.71275 -260.831 -71575.1
8.79999999999999949E-002 6.43727 -273.207 38003.9
8.89999999999999958E-002 6.1479 -347.85 -202285
8.99999999999999967E-002 5.76963 -322.126 286909
9.09999999999999976E-002 5.5726 -105.25 115539
9.19999999999999984E-002 5.46012 -189.13 -292585
9.29999999999999993E-002 5.18447 -283.668 142777
9.40000000000000002E-002 4.98072 -125.666 151462
9.50000000000000011E-002 4.90014 -70.3439 -49609.1
9.60000000000000020E-002 4.796 -143.021 -87555.4
9.70000000000000029E-002 4.69646 45.155 493208
9.80000000000000038E-002 4.88494 197.118 -255277
9.90000000000000047E-002 4.98391 55.9556 26879.8
0.10000000000000001 5.02782 -6.43019 -178610
0.10100000000000001 4.94739 -130.56 -51596.8
0.10200000000000001 4.77513 -236.288 -173391
0.10300000000000001 4.50774 -230.254 212070
0.10400000000000001 4.32404 -217.56 -230808
0.10500000000000000 4.11359 -47.2241 642370
0.10600000000000000 4.33921 415.796 211231
0.10700000000000000 4.74134 263.356 -528416
0.10800000000000000 4.76976 -150.983 -244793
0.10900000000000000 4.60086 -74.2216 415500
0.11000000000000000 4.69674 202.286 82355.4
0.11100000000000000 4.90506 184.439 -106922
0.11200000000000000 5.03056 65.3415 -122269
0.11300000000000000 5.00847 -140.336 -298643
0.11400000000000000 4.78188 -232.838 149514
0.11500000000000000 4.68175 86.328 479935
0.11600000000000001 4.88415 162.107 -397310
0.11700000000000001 4.96288 161.213 502911
0.11800000000000001 5.23255 176.942 -595079
0.11900000000000001 5.05452 -562.703 -825231
0.12000000000000000 4.3357 -564.436 936616
0.12100000000000000 4.1546 40.8266 111270
0.12200000000000000 4.27755 268.856 424161
0.12300000000000000 4.74567 639.16 283618
0.12400000000000000 5.38022 460.451 -690153
0.12500000000000000 5.52794 -92.3039 -329324
0.12600000000000000 5.38914 -58.5697 415040
0.12700000000000000 5.48843 171.775 -30585
0.12800000000000000 5.60222 22.2905 -248764
0.12900000000000000 5.56225 -20.6032 204638
0.13000000000000000 5.70546 364.077 555215
0.13100000000000001 6.13695 232.978 -936565
0.13200000000000001 5.97516 -410.783 -196336
0.13300000000000001 5.62896 -116.361 790541
0.13400000000000001 5.82549 374.059 76768.6
0.13500000000000001 6.20341 369.808 -36891.6
0.13600000000000001 6.5314 259.955 -188905
0.13700000000000001 6.70266 95.3706 -125140
0.13800000000000001 6.81417 220.809 407005
0.13900000000000001 7.0988 156.732 -646953
0.14000000000000001 7.0224 -155.075 161168
0.14100000000000001 6.95672 -1.48507 72857.4
0.14200000000000002 7.00065 106.698 161541
0.14300000000000002 7.17022 206.324 19977.5
0.14400000000000002 7.33726 73.2682 -297293
0.14499999999999999 7.25461 -234.73 -294801
0.14599999999999999 7.0332 -10.7855 821623
0.14699999999999999 7.27712 258.288 -465218
0.14799999999999999 7.28992 -189.773 -310477
0.14899999999999999 6.96335 -451.894 -228798
0.14999999999999999 6.51585 -298.231 592462
0.15100000000000000 6.49535 198.436 313767
0.15200000000000000 6.71318 81.2913 -588010
0.15300000000000000 6.60572 -126.093 313658
0.15400000000000000 6.61937 88.3923 11546.3
0.15500000000000000 6.69959 71.9154 -14582.3
0.15600000000000000 6.7521 17.6597 -101127
0.15700000000000000 6.77852 113.566 334281
0.15800000000000000 6.91919 -28.5404 -740635
0.15900000000000000 6.63585 -341.076 292674
0.16000000000000000 6.54275 229.906 791479
0.16100000000000000 7.05606 636.094 -84081.4
0.16200000000000001 7.50698 128.341 -918958
0.16300000000000001 7.28231 -406.825 -11252.4
0.16400000000000001 6.92473 -285.9 182448
0.16500000000000001 6.68315 -261.958 -173332
0.16600000000000001 6.35047 -365.269 15115.9
0.16700000000000001 6.17427 232.778 1.26472e+06
0.16800000000000001 6.81121 689.394 -621047
0.16900000000000001 7.10634 -105.923 -801554
0.17000000000000001 6.82045 -184.011 778729
0.17100000000000001 6.93867 228.826 -181493
0.17200000000000001 6.98956 -182.134 -570180
0.17300000000000001 6.57929 -550.683 -99592.2
0.17400000000000002 6.09636 -289.991 637680
0.17500000000000002 6.01517 -49.9201 -305394
0.17599999999999999 5.81651 -289.292 -54661.6
0.17699999999999999 5.54517 -213.394 194903
0.17799999999999999 5.3852 -174.918 -171358
0.17899999999999999 5.16028 -208.016 173719
0.17999999999999999 4.92696 -424.553 -724899
0.18099999999999999 4.27422 -655.919 461604
0.18200000000000000 3.90982 -64.0102 608210
0.18300000000000000 3.99104 18.7945 -549984
0.18400000000000000 3.76762 -358.638 -41487.7
0.18500000000000000 3.3957 -410.374 -133845
0.18600000000000000 2.98647 -310.456 398852
0.18700000000000000 2.80437 -177.697 -249951
0.18800000000000000 2.54963 -228.902 268787
0.18900000000000000 2.4505 -9.27085 92534.5
0.19000000000000000 2.51064 173.617 319498
0.19100000000000000 2.7866 288.212 -162554
0.19200000000000000 2.93832 -27.7906 -442515
0.19300000000000000 2.83516 27.1396 684669
0.19400000000000001 3.1013 300.622 -361685
0.19500000000000001 3.26449 152.723 250948
0.19600000000000001 3.5733 461.259 290197
0.19700000000000001 4.17679 744.363 279349
0.19800000000000001 5.01951 886.592 -24091
0.19900000000000001 5.80424 581.895 -610081
0.20000000000000001 6.06786 -38.3638 -564862
0.20100000000000001 5.94276 42.5664 857188
0.20200000000000001 6.28315 375.983 -482639
0.20300000000000001 6.32544 -321.343 -773140
0.20400000000000001 5.79518 -493.602 579829
0.20500000000000002 5.57959 -39.9772 125845
0.20600000000000002 5.49609 -231.207 -503241
0.20700000000000002 5.16802 -181.029 802390
0.20800000000000002 5.32122 309.048 -70808.5
0.20899999999999999 5.5573 179.273 -68823.5
0.20999999999999999 5.64706 -82.0745 -514690
0.21099999999999999 5.45043 -87.9624 682674
0.21199999999999999 5.67961 431.045 151709
0.21299999999999999 6.05443 184.508 -649274
0.21400000000000000 5.90218 -457.389 -536636
0.21500000000000000 5.40401 -242.9 1.11908e+06
0.21600000000000000 5.67065 597.982 275382
0.21700000000000000 6.17226 156.711 -1.19035e+06
0.21800000000000000 5.85767 -525.32 133006
0.21900000000000000 5.52143 -81.6009 626399
0.22000000000000000 5.69131 315.343 68004.8
0.22100000000000000 5.94289 95.2037 -496680
0.22200000000000000 5.91586 58.1562 605415
0.22300000000000000 6.28923 624.105 353257
0.22400000000000000 6.95292 542.661 -569180
0.22500000000000001 7.19487 -19.0029 -428309
0.22600000000000001 7.05054 -164.96 172177
0.22700000000000001 6.94724 -116.251 -187917
0.22800000000000001 6.80299 -49.7135 448657
0.22900000000000001 6.98791 383.608 313542
0.23000000000000001 7.39396 258.39 -644776
0.23100000000000001 7.358 -223.102 -139286
0.23200000000000001 7.12627 -201.663 131702
0.23300000000000001 6.96596 -167.148 -116282
0.23400000000000001 6.75679 -208.33 94454.6
0.23500000000000001 6.64198 24.9 371779
0.23600000000000002 6.80723 223.414 -57827
0.23700000000000002 6.94482 7.05278 -347228
0.23800000000000002 6.80362 -236.518 -77321.5
0.23900000000000002 6.575 -178.322 184270
0.23999999999999999 6.38254 -373.187 -711036
0.24099999999999999 5.72225 -779.281 125453
0.24199999999999999 5.16573 -182.894 1.04647e+06
0.24299999999999999 5.41566 493.197 80098.8
0.24399999999999999 5.8691 385.347 -178567
0.24500000000000000 6.17881 262.133 -35059.6
0.24600000000000000 6.40911 165.518 -200632
0.24700000000000000 6.45099 -99.8608 -318271
0.24800000000000000 6.27157 -138.417 334707
0.24900000000000000 6.32181 215.455 270866
0.25000000000000000 6.60949 282.555 -168974
0.25100000000000000 6.82339 201.936 101139
0.25200000000000000 6.98506 -35.6067 -727604
0.25300000000000000 6.59958 -643.151 -308332
0.25400000000000000 5.98096 -382.943 903057
0.25500000000000000 5.9818 192.938 -35252.9
0.25600000000000001 6.09526 37.3783 -126290
0.25700000000000001 6.12125 83.2718 256845
0.25800000000000001 6.28819 154.5 -232241
0.25900000000000001 6.30337 -111.4 -217015
0.26000000000000001 6.135 -158.964 155957
0.26100000000000001 6.04056 -80.2086 -83146.6
0.26200000000000001 5.91291 -158.363 -21134
0.26300000000000001 5.72435 -256.458 -216654
0.26400000000000001 5.37805 -390.808 9766.13
0.26500000000000001 5.03378 -259.706 244080
0.26600000000000001 4.89839 -24.9377 188272
0.26700000000000002 4.9399 75.0966 -145.222
0.26800000000000002 5.00243 47.2956 -32814
0.26900000000000002 5.00675 -77.0641 -243241
0.27000000000000002 4.83288 -215.481 36632.6
0.27100000000000002 4.68101 -49.9113 278400
0.27200000000000002 4.74142 110.746 -29013.4
0.27300000000000002 4.85985 189.553 282114
0.27400000000000002 5.16925 364.623 -32527.4
0.27500000000000002 5.43677 85.2954 -536056
0.27600000000000002 5.32848 -150.723 241894
0.27700000000000002 5.33841 150.546 222011
0.27800000000000002 5.54363 190.902 -170672
0.27900000000000003 5.64054 24.5553 -91684.6
0.28000000000000003 5.6251 -59.8018 -100717
0.28100000000000003 5.50903 -178.158 -135785
0.28200000000000003 5.29401 -202.751 128667
0.28300000000000003 5.15078 -116.653 -21928
0.28400000000000003 5.01866 -135.599 22425.4
0.28500000000000003 4.92077 -27.9041 206454
0.28600000000000003 4.98983 140.047 83429.1
0.28700000000000003 5.14706 152.334 -53108.7
0.28800000000000003 5.20156 -139.578 -589017
0.28899999999999998 4.82143 -488.658 73294.4
0.28999999999999998 4.46601 -150.579 544406
0.29099999999999998 4.55159 233.146 100166
0.29199999999999998 4.7122 -47.125 -690167
0.29299999999999998 4.40133 -380.982 285445
0.29399999999999998 4.25232 107.976 541924
0.29499999999999998 4.54356 334.524 -211400
0.29599999999999999 4.74341 98.8064 -113160
0.29699999999999999 4.80085 15.6941 -89643.4
0.29799999999999999 4.7949 9.41089 109559
0.29899999999999999 4.88093 175.204 200149
0.29999999999999999 5.14575 332.753 88553
0.30099999999999999 5.43441 121.954 -590680
0.30199999999999999 5.34219 -113.451 383028
0.30299999999999999 5.4468 249.182 106563
0.30399999999999999 5.68855 190.549 -183866
0.30499999999999999 5.7554 -83.8548 -353778
0.30599999999999999 5.57928 -123.956 414749
0.30700000000000000 5.65847 191.304 10791
0.30800000000000000 5.8086 95.649 -123520
0.30900000000000000 5.82539 -84.734 -250407
0.31000000000000000 5.65842 -169.672 167086
0.31100000000000000 5.61142 88.6702 287679
0.31200000000000000 5.77606 130.868 -302455
0.31300000000000000 5.73881 -166.21 -158852
0.31400000000000000 5.50987 -293.626 -140191
0.31500000000000000 5.18062 -307.983 164666
0.31600000000000000 4.99077 -50.232 316832
0.31700000000000000 5.1019 266.603 295849
0.31800000000000000 5.45087 333.026 -240827
0.31900000000000001 5.65096 107.029 -86537.4
0.32000000000000001 5.72121 14.9443 -157176
0.32100000000000001 5.67803 -55.6532 75949.9
0.32200000000000001 5.69336 109.136 229363
0.32300000000000001 5.91219 308.711 134441
0.32400000000000001 6.19418 120.212 -609500
0.32500000000000001 6.06576 -205.11 235320
0.32600000000000001 6.0335 113.891 207100
0.32700000000000001 6.21974 234.66 51802.9
0.32800000000000001 6.42325 94.997 -379705
0.32900000000000001 6.34827 -165.31 2064.92
0.33000000000000002 6.18827 -202.36 -200482
0.33100000000000002 5.8931 -341.398 16174.8
0.33200000000000002 5.64926 -36.1985 643652
0.33300000000000002 5.90677 437.924 100301
0.33400000000000002 6.32195 354.611 -182758
0.33500000000000002 6.57964 170.161 -150298
0.33600000000000002 6.68841 61.8556 -64604.3
0.33700000000000002 6.70839 -46.152 -186678
0.33800000000000002 6.61024 -66.9692 245655
0.33900000000000002 6.65878 95.9629 -66059.2
0.34000000000000002 6.69306 -23.8221 -95848.1
0.34100000000000003 6.67739 76.5072 363855
0.34200000000000003 6.91054 293.287 -102031
0.34300000000000003 7.10349 82.2129 -226236
0.34400000000000003 7.12033 30.0224 196221
0.34500000000000003 7.2313 110.813 -189094
0.34600000000000003 7.23896 -49.8558 -1101.43
0.34700000000000003 7.21125 -4.88848 37796.2
0.34800000000000003 7.30825 336.851 778721
0.34900000000000003 7.96516 768.8 -251114
0.35000000000000003 8.41433 -35.6948 -1.28802e+06
0.35100000000000003 7.87598 -708.582 405498
0.35199999999999998 7.48825 -113.467 385202
0.35299999999999998 7.50185 87.0737 44858.9
0.35399999999999998 7.5393 -97.8641 -447852
0.35499999999999998 7.34655 -17.9563 949499
0.35599999999999998 7.80615 746.082 107045
0.35699999999999998 8.43833 395.389 -700021
0.35799999999999998 8.5034 -159.292 -199349
0.35899999999999999 8.29359 -261.499 -127679
0.35999999999999999 8.00194 -257.507 210316
0.36099999999999999 7.85783 -64.1577 74704.2
0.36199999999999999 7.82116 3.05384 113635
0.36299999999999999 7.87921 98.4209 45860.1
0.36399999999999999 7.96781 36.0086 -195230
0.36499999999999999 7.88437 -209.145 -256955
0.36599999999999999 7.62348 -182.778 439642
0.36699999999999999 7.69713 295.387 342198
0.36799999999999999 8.07378 342.46 -310840
0.36899999999999999 8.24285 47.8982 -106242
0.37000000000000000 8.22529 -150.748 -426939
0.37100000000000000 7.86159 -520.464 -175805
0.37200000000000000 7.34178 -417.757 412704
0.37300000000000000 7.16061 34.6602 366894
0.37400000000000000 7.31024 171.922 -151917
0.37500000000000000 7.38974 27.3728 2465.76
0.37600000000000000 7.44212 79.9719 50568.7
0.37700000000000000 7.47717 -127.024 -580169
0.37800000000000000 7.05493 -636.305 -225742
0.37900000000000000 6.44277 -427.034 703400
0.38000000000000000 6.3642 147.19 150177
0.38100000000000001 6.51129 126.486 -56551.1
0.38200000000000001 6.59991 39.0703 -123396
0.38300000000000001 6.56482 -121.904 -199021
0.38400000000000001 6.33537 -341.703 -232365
0.38500000000000001 5.95816 -271.721 521623
0.38600000000000001 5.95681 173.447 108305
0.38700000000000001 6.13678 192.711 63697.5
0.38800000000000001 6.3321 133.123 -271071
0.38900000000000001 6.27861 -274.593 -503212
0.39000000000000001 5.81358 -528.088 160646
0.39100000000000001 5.44473 -178.517 419687
0.39200000000000002 5.45197 137.786 135546
0.39300000000000002 5.65218 299.769 294094
0.39400000000000002 6.05326 387.584 -290384
0.39500000000000002 6.235 -31.4135 -414746
0.39600000000000002 6.02634 -338.592 -156759
0.39700000000000002 5.68596 -247.255 385086
0.39800000000000002 5.63035 60.2677 43130.6
0.39900000000000002 5.63272 -122.758 -378662
0.40000000000000002 5.33213 -410.484 -55754.6
0.40100000000000002 4.97879 -209.811 460539
0.40200000000000002 4.98365 126.867 20017.1
0.40300000000000002 5.10155 161.433 228038
0.40400000000000003 5.3851 365.363 58569.2
0.40500000000000003 5.68512 108.827 -649874
0.40600000000000003 5.5075 -293.782 175217
0.40700000000000003 5.36931 -20.5848 105180
0.40800000000000003 5.40915 165.74 412200
0.40900000000000003 5.77651 498.374 86923.2
0.41000000000000003 6.23843 352.575 -360879
0.41100000000000003 6.40976 43.563 -120558
0.41200000000000003 6.40084 -100.914 -287450
0.41300000000000003 6.21364 -130.184 445194
0.41400000000000003 6.3552 369.97 322014
0.41500000000000004 6.74576 215.165 -771800
0.41600000000000004 6.60093 -292.105 228764
0.41699999999999998 6.54482 187.714 443513
0.41799999999999998 6.90084 448.147 19882.2
0.41899999999999998 7.31202 355.698 -132974
0.41999999999999998 7.60078 229.234 -100043
0.42099999999999999 7.78073 124.27 -127964
0.42199999999999999 7.81264 -104.784 -370530
0.42299999999999999 7.55438 -315.116 114204
0.42399999999999999 7.36461 -34.2526 350971
0.42499999999999999 7.48833 234.678 111948
0.42599999999999999 7.71277 139.465 -324026
0.42699999999999999 7.6894 -124.931 -46950.9
0.42799999999999999 7.5844 -71.1868 79405
0.42899999999999999 7.52958 -85.0831 -166464
0.42999999999999999 7.33656 -302.009 -207175
0.43099999999999999 7.02548 -152.837 690986
0.43200000000000000 7.22641 413.878 62295.6
0.43300000000000000 7.56447 220.269 -283684
0.43400000000000000 7.66625 44.6091 29272.4
0.43500000000000000 7.73224 39.1595 -180522
0.43600000000000000 7.68027 -90.5726 57523.5
0.43700000000000000 7.63228 -37.5412 -69024.9
0.43800000000000000 7.54148 -139.806 -76632.4
0.43900000000000000 7.36519 -218.893 -101925
0.44000000000000000 7.09856 -301.224 -37246
0.44100000000000000 6.81599 -208.783 267859
0.44200000000000000 6.74871 36.7309 107560
0.44300000000000000 6.79679 24.6806 -111956
0.44400000000000001 6.75579 -97.0362 -81740.6
0.44500000000000001 6.65623 -44.3362 237042
0.44600000000000001 6.71076 62.0367 -208789
0.44700000000000001 6.62391 -220.445 -202309
0.44800000000000001 6.353 -256.342 167467
0.44900000000000001 6.218 -3.76449 266300
0.45000000000000001 6.308 109.182 -131230
0.45100000000000001 6.33778 -0.686671 73416.8
0.45200000000000001 6.40808 145.302 140343
0.45300000000000001 6.59203 168.391 -152726
0.45400000000000001 6.66123 -18.8667 -133980
0.45500000000000002 6.61275 -27.1738 152352
0.45600000000000002 6.67689 135.119 80375.6
0.45700000000000002 6.82347 132.052 -79411.6
0.45800000000000002 6.8874 -35.5662 -263478
0.45900000000000002 6.72238 -261.316 -107940
0.46000000000000002 6.4713 -157.917 363398
0.46100000000000002 6.51133 188.915 160602
0.46200000000000002 6.74985 293.248 141174
0.46300000000000002 7.10781 396.253 11353.4
0.46400000000000002 7.5004 401.164 54683.5
0.46500000000000002 7.86273 179.735 -699679
0.46600000000000003 7.70274 -326.179 113787
0.46700000000000003 7.52369 -67.4192 75869.9
0.46800000000000003 7.42735 -182.281 -279994
0.46900000000000003 7.12806 -322.947 182414
0.47000000000000003 6.9366 -90.3241 98323.9
0.47100000000000003 6.86092 -77.4068 -25046.2
0.47200000000000003 6.78899 -22.343 203470
0.47300000000000003 6.90723 284.58 376080
0.47400000000000003 7.32188 413.026 -312288
0.47500000000000003 7.50588 -39.5809 -387575
0.47600000000000003 7.36552 -91.3548 432919
0.47700000000000004 7.51846 292.407 -13600.5
0.47800000000000004 7.70768 40.6351 -356053
0.47900000000000004 7.58662 -224.875 -65700
0.47999999999999998 7.37601 -173.041 106691
0.48099999999999998 7.23615 -160.163 -168651
0.48199999999999998 6.96565 -369.692 -152491
0.48299999999999998 6.53417 -488.079 -108715
0.48399999999999999 6.01681 -499.449 144314
0.48499999999999999 5.62084 -283.822 227094
0.48599999999999999 5.46506 0.0528261 375813
0.48699999999999999 5.61813 206.227 -135129
0.48799999999999999 5.65945 -196.155 -604171
0.48899999999999999 5.21896 -509.363 289229
0.48999999999999999 4.95856 -17.0667 404122
0.49099999999999999 5.1082 290.46 236090
0.49199999999999999 5.46514 343.437 -205519
0.49299999999999999 5.66211 52.3991 -255598
0.49399999999999999 5.62261 -78.3395 39737
0.49500000000000000 5.59842 39.5882 130634
0.49600000000000000 5.68316 89.1946 -86046.1
0.49700000000000000 5.68965 -107.465 -284814
0.49800000000000000 5.45087 -320.027 -36608.4
0.49900000000000000 5.1789 -155.566 370811
0.50000000000000000 5.19079 74.5457 -142074
0.50100000000000000 5.1691 -31.3535 228385
0.50200000000000000 5.29836 254.429 124716
0.50300000000000000 5.52044 66.0322 -578981
0.50400000000000000 5.29463 -386.689 29830.1
0.50500000000000000 5.02244 -140.28 243269
0.50600000000000001 5.03332 235.089 623934
0.50700000000000001 5.54793 637.778 -150348
0.50800000000000001 5.98471 188.712 -536731
0.50900000000000001 5.90914 -313.938 -410046
0.51000000000000001 5.47402 -421.564 331333
0.51100000000000001 5.31686 149.092 657248
0.51200000000000001 5.73818 558.283 -50746.3
0.51300000000000001 6.17014 271.303 -344109
0.51400000000000001 6.29045 21.2707 -72846.1
0.51500000000000001 6.2816 -92.3838 -315302
0.51600000000000001 6.03475 -315.189 93168.1
0.51700000000000002 5.80472 -189.463 -65926.5
0.51800000000000002 5.55211 -297.088 -17485
0.51900000000000002 5.2817 -210.693 183800
0.52000000000000002 5.16164 -65.779 11234.5
0.52100000000000002 5.07608 -104.69 -18629.8
0.52200000000000002 4.94679 -196.852 -240562
0.52300000000000002 4.63168 -372.08 50506
0.52400000000000002 4.3235 -254.578 51918.3
0.52500000000000002 4.10949 -111.645 361903
0.52600000000000002 4.18247 179.138 -3171.76
0.52700000000000002 4.28107 -26.3579 -314037
0.52800000000000002 4.11098 -253.393 -12007.4
0.52900000000000003 3.90053 -151.264 127387
0.53000000000000003 3.81801 -6.63432 167584
0.53100000000000003 3.87438 67.4712 -104132
0.53200000000000003 3.86836 -54.1985 -11891.1
0.53300000000000003 3.84463 34.6068 166214
0.53400000000000003 3.95318 136.733 -61780.2
0.53500000000000003 4.03427 39.9742 -24519
0.53600000000000003 4.07839 49.132 368.069
0.53700000000000003 4.12114 28.633 -44530
0.53800000000000003 4.15111 89.9429 262980
0.53900000000000003 4.39412 360.759 122935
0.54000000000000004 4.76377 332.894 -159653
0.54100000000000004 4.99195 118.459 -214813
0.54200000000000004 5.01604 -46.3533 -84895.2
0.54300000000000004 4.95178 -62.0347 41440.3
0.54400000000000004 4.87776 -175.763 -425561
0.54500000000000004 4.47163 -546.268 -19257.2
0.54600000000000004 4.0215 -281.739 456233
0.54700000000000004 4.00699 270.396 589007
0.54800000000000004 4.48978 510.545 -390977
0.54900000000000004 4.73919 106.691 90417.3
0.55000000000000004 4.95613 242.709 -230653
0.55100000000000005 5.02633 -55.8143 -80310.5
0.55200000000000005 4.99316 20.2861 144156
0.55300000000000005 5.0792 118.671 -21406.1
0.55400000000000005 5.15196 2.47431 -181067
0.55500000000000005 5.07596 -105.858 65527.6
0.55600000000000005 5.0414 45.431 154428
0.55700000000000005 5.12134 27.2578 -313967
0.55800000000000005 4.96019 -293.978 -87272.6
0.55900000000000005 4.72078 -81.1834 527974
0.56000000000000005 4.90989 349.581 11110
0.56100000000000005 5.17508 173.517 -133583
0.56200000000000006 5.31036 125.013 34942.6
0.56300000000000006 5.45846 150.857 -55392.3
0.56400000000000006 5.56357 57.4719 -86408.4
0.56500000000000006 5.60714 87.2988 225017
0.56600000000000006 5.8441 384.665 260689
0.56700000000000006 6.29198 387.425 -412981
0.56800000000000006 6.43513 -6.84514 -6835.62
0.56900000000000006 6.50214 127.405 21823.2
0.57000000000000006 6.59297 14.8256 -224432
0.57100000000000006 6.48286 -220.179 -168359
0.57200000000000006 6.21016 -288.387 46420
0.57300000000000006 5.98369 -126.419 275931
0.57400000000000007 5.9937 97.3849 38454
0.57500000000000007 6.07041 53.3753 -22022.8
0.57600000000000007 6.1482 163.155 313278
0.57699999999999996 6.45669 340.582 -244863
0.57799999999999996 6.59801 -33.4222 -218199
0.57899999999999996 6.50508 -129.215 -47587
0.57999999999999996 6.36412 -139.446 30584.2
0.58099999999999996 6.2526 -72.4403 99258.1
0.58199999999999996 6.22642 -0.257833 -2812.68
0.58299999999999996 6.20648 -45.6069 -53157.9
0.58399999999999996 6.13442 -97.9514 -50303.7
0.58499999999999996 5.9992 -200.565 -199997
0.58599999999999997 5.71529 -285.76 212874
0.58699999999999997 5.59051 19.2449 194878
0.58799999999999997 5.67534 142.064 117282
0.58899999999999997 5.85926 184.535 -101600
0.58999999999999997 5.94012 -75.7407 -419096
0.59099999999999997 5.68776 -288.157 300384
0.59199999999999997 5.64259 165.297 250730
0.59299999999999997 5.83415 110.379 -384339
0.59399999999999997 5.6776 -451.811 -607970
0.59499999999999997 5.00458 -698.898 434102
0.59599999999999997 4.69457 151.815 985686
0.59699999999999998 5.26821 801.979 -34390.4
0.59799999999999998 5.89945 433.884 -339866
0.59899999999999998 6.19491 183.925 -173185
0.59999999999999998 6.321 102.308 25009.6
0.60099999999999998 6.48177 277.187 359077
0.60199999999999998 6.921 478.872 -255734
0.60299999999999998 7.17182 17.9759 -393070
0.60399999999999998 7.03562 -247.849 -138061
0.60499999999999998 6.75617 -280.369 53681.5
0.60599999999999998 6.52725 -156.427 184001
0.60699999999999998 6.4721 42.3463 176068
0.60799999999999998 6.56286 61.2017 -248555
0.60899999999999999 6.46003 -231.385 -120338
0.60999999999999999 6.21773 -235.374 21958.8
0.61099999999999999 6.03184 -49.8977 487219
0.61199999999999999 6.25095 400.871 89852.2
0.61299999999999999 6.56942 130.987 -565557
0.61399999999999999 6.39196 -421.147 -277801
0.61499999999999999 5.91088 -504.195 -10008.9
0.61599999999999999 5.42822 -419.697 222062
0.61699999999999999 5.1491 -135.033 271964
0.61799999999999999 5.1587 187.618 444910
0.61899999999999999 5.54837 482.067 -114399
0.62000000000000000 5.88152 178.436 -243980
0.62100000000000000 5.97549 45.7149 -25248.1
0.62200000000000000 6.0576 185.744 358172
0.62300000000000000 6.41768 419.306 -211457
0.62400000000000000 6.63385 17.591 -295751
0.62500000000000000 6.56924 -70.2749 151661
0.62600000000000000 6.6507 300.494 564767
0.62700000000000000 7.18711 576.414 -448012
0.62800000000000000 7.38443 -173.324 -574914
0.62900000000000000 7.05533 -302.171 465952
0.63000000000000000 7.11622 444.475 707635
0.63100000000000001 7.79433 677.391 -575272
0.63200000000000001 8.05203 -68.627 -257929
0.63300000000000001 7.97329 -101.073 -190280
0.63400000000000001 7.74797 -304.927 -1607.49
0.63500000000000001 7.49468 -193.278 95788.5
0.63600000000000001 7.34739 -84.5501 176402
0.63700000000000001 7.37397 155.232 287266
0.63800000000000001 7.63325 247.727 -325409
0.63900000000000001 7.66138 -108.014 26213
0.64000000000000001 7.67018 150.637 259778
0.64100000000000001 7.90255 222.942 -241621
0.64200000000000002 7.9714 -3.41502 127782
0.64300000000000002 8.1099 263.824 127888
0.64400000000000002 8.37801 225.21 -168319
0.64500000000000002 8.50678 60.0357 -44041.4
0.64600000000000002 8.57267 68.4181 -31367.9
0.64700000000000002 8.60775 -11.7754 -116721
0.64800000000000002 8.50753 -245.85 -431599
0.64900000000000002 8.05159 -548.147 158928
0.65000000000000002 7.72522 -17.0285 741169
0.65100000000000002 8.0427 481.321 -143333
0.65200000000000002 8.32389 122.769 -69047
0.65300000000000002 8.49403 219.212 23891.8
0.65400000000000003 8.68673 134.909 -171183
0.65500000000000003 8.7346 -2.99561 7197.34
0.65600000000000003 8.75305 -0.156448 -173698
0.65700000000000003 8.65866 -100.066 259413
0.65800000000000003 8.75548 249.495 107871
0.65900000000000003 8.98949 205.354 -28435.3
0.66000000000000003 9.18597 172.862 -96459.6
0.66100000000000003 9.25032 -154.768 -709108
0.66200000000000003 8.70761 -806.793 -125023
0.66300000000000003 7.99197 -560.946 347158
0.66400000000000003 7.61309 -192.869 375441
0.66500000000000004 7.61811 226.258 502292
0.66600000000000004 8.04783 467.845 -371746
0.66700000000000004 8.21282 -79.8481 -198757
0.66800000000000004 8.13081 -81.311 -87356.3
0.66900000000000004 7.95435 -321.882 -390191
0.67000000000000004 7.45092 -576.191 167884
0.67100000000000004 7.03404 -317.32 -56692
0.67200000000000004 6.63905 -385.537 331059
0.67300000000000004 6.49789 47.1073 127613
0.67400000000000004 6.50404 -92.0475 -262570
0.67500000000000004 6.27926 -316.855 -60077.5
0.67600000000000005 5.93737 -454.722 -495865
0.67700000000000005 5.20849 -850.038 246826
0.67800000000000005 4.65914 -198.757 670581
0.67900000000000005 4.73528 238.356 45409.4
0.68000000000000005 4.88845 16.0012 -320836
0.68100000000000005 4.79792 -31.5079 564291
0.68200000000000005 5.17451 744.684 484682
0.68300000000000005 6.01109 762.606 -495646
0.68400000000000005 6.42052 59.6772 -579708
0.68500000000000005 6.28292 -206.552 155956
0.68600000000000005 6.24518 129.174 233270
0.68700000000000006 6.44013 222.076 -10212.3
0.68800000000000006 6.65639 257.516 226697
0.68900000000000006 7.04827 459.993 -87914.4
0.69000000000000006 7.35583 64.9444 -646326
0.69100000000000006 7.08776 -501.79 -153815
0.69200000000000006 6.61627 -428.61 10908.4
0.69300000000000006 6.1784 -411.825 175736
0.69400000000000006 5.88889 -183.745 124284
0.69500000000000006 5.73213 -143.768 20458.9
0.69600000000000006 5.5996 -117.467 40811.5
0.69700000000000006 5.50616 -68.9702 46422.7
0.69800000000000006 5.47024 25.2908 198329
0.69900000000000007 5.6135 246.387 140477
0.70000000000000007 5.8877 249.416 -165708
0.70100000000000007 6.02478 43.0682 -99865.4
0.70200000000000007 6.04323 -18.7983 -140654
0.70300000000000007 5.94052 -162.522 -30691.1
0.70399999999999996 5.80778 -62.7768 214976
0.70499999999999996 5.85296 93.9937 -85520.4
0.70599999999999996 5.83915 -133.715 -206297
0.70699999999999996 5.62795 -257.016 -21720.2
0.70799999999999996 5.41236 -94.3726 432054
0.70899999999999996 5.56634 327.316 78937.2
0.70999999999999996 5.81647 102.437 -385711
0.71099999999999997 5.72491 -221.676 -60765
0.71199999999999997 5.55379 -81.6359 210452
0.71299999999999997 5.60148 222.075 462071
0.71399999999999997 6.05202 574.39 -74713.7
0.71499999999999997 6.4737 247.491 -287042
0.71599999999999997 6.6216 98.2489 7276.4
0.71699999999999997 6.75292 152.838 -25804.9
0.71799999999999997 6.86628 67.5837 -81416.2
0.71899999999999997 6.91203 62.4661 132571
0.71999999999999997 7.03455 78.8399 -404375
0.72099999999999997 6.83906 -378.777 -786.636
0.72199999999999998 6.60713 -27.3553 423588
0.72299999999999998 6.76114 257.19 -4004.01
0.72399999999999998 6.95269 141.542 21077.8
0.72499999999999998 7.15429 277.903 147380
0.72599999999999998 7.49655 391.945 63909.6
0.72699999999999998 7.88841 336.255 -249073
0.72799999999999998 8.04954 -28.7739 -368428
0.72899999999999998 7.86521 -278.496 -27983
0.72999999999999998 7.64178 -124.576 256215
0.73099999999999998 7.64742 95.9083 52238.7
0.73199999999999998 7.72421 53.1428 -9376.89
0.73299999999999998 7.79486 108.152 112448
0.73399999999999999 7.96796 229.811 77348.1
0.73499999999999999 8.19294 135.611 -395424
0.73599999999999999 8.07673 -319.468 -190044
0.73699999999999999 7.76176 -246.408 223891
0.73799999999999999 7.62865 -85.1097 -112360
0.73899999999999999 7.42812 -282.961 9046.22
0.73999999999999999 7.22015 -110.064 185890
0.74099999999999999 7.20265 92.4159 275303
0.74199999999999999 7.43519 326.844 40141.3
0.74299999999999999 7.70261 129.07 -433855
0.74399999999999999 7.57511 -354.727 -314155
0.74500000000000000 7.15545 -367.647 367332
0.74600000000000000 7.06277 196.499 515171
0.74700000000000000 7.46283 525.738 67163.9
0.74800000000000000 7.94757 405.551 -191322
0.74900000000000000 8.22947 101.89 -506731
0.75000000000000000 8.04307 -434.465 -325616
0.75100000000000000 7.5429 -463.664 283628
0.75200000000000000 7.30117 13.7828 522106
0.75300000000000000 7.53524 339.966 -105776
0.75400000000000000 7.71504 21.898 -178835
0.75500000000000000 7.72502 67.7345 245338
0.75600000000000001 7.95285 377.038 218002
0.75700000000000001 8.38597 423.888 -164118
0.75800000000000001 8.66286 82.1922 -463812
0.75900000000000001 8.50738 -345.192 -217925
0.76000000000000001 8.12704 -366.691 94282.2
0.76100000000000001 7.84377 -152.7 368795
0.76200000000000001 7.8936 202.169 120272
0.76300000000000001 8.06081 47.7169 -395051
0.76400000000000001 7.88434 -334.689 -70073.7
0.76500000000000001 7.61626 -161.615 216176
0.76600000000000001 7.5379 -54.4594 -113759
0.76700000000000002 7.36698 -299.249 -221044
0.76800000000000002 6.98387 -435.205 -34353.1
0.76900000000000002 6.55414 -425.798 -25420.8
0.77000000000000002 6.09073 -535.561 -225367
0.77100000000000002 5.43063 -740.21 -868.115
0.77200000000000002 4.75927 -566.683 239013
0.77300000000000002 4.30426 -385.645 10725.4
0.77400000000000002 3.87099 -504.434 -152292
0.77500000000000002 3.31283 -544.956 216575
0.77600000000000002 2.92659 -273.117 13375.5
0.77700000000000002 2.56654 -491.823 -291268
0.77800000000000002 1.94407 -695.59 22928
0.77900000000000003 1.34059 -449.175 409422
0.78000000000000003 1.124 5.48528 374110
0.78100000000000003 1.28044 279.23 199417
0.78200000000000003 1.63325 392.3 623.532
0.78300000000000003 1.98305 259.602 -282093
0.78400000000000003 2.08156 -21.8244 -80854.7
0.78500000000000003 2.09417 95.8571 230531
0.78600000000000003 2.30831 286.201 -12004.4
0.78700000000000003 2.53861 192.566 49124.8
0.78800000000000003 2.78548 248.969 -206681
0.78900000000000003 2.85171 -122.618 -294488
0.79000000000000004 2.63927 -234.089 106996
0.79100000000000004 2.51255 -10.1799 193001
0.79200000000000004 2.57179 100.228 23375.9
0.79300000000000004 2.65924 60.0952 -70862.7
0.79400000000000004 2.68197 -7.22474 -32847.3
0.79500000000000004 2.66501 -36.2055 -78849.2
0.79600000000000004 2.58471 -93.6901 81329.5
0.79700000000000004 2.56103 16.4125 -58062.4
0.79800000000000004 2.50344 -111.33 19584.5
0.79900000000000004 2.45791 42.2387 174215
0.80000000000000004 2.59575 270.233 376037
0.80100000000000005 3.08563 684.733 264858
0.80200000000000005 3.81387 646.499 -462608
0.80300000000000005 4.14582 78.3196 -192221
0.80400000000000005 4.25108 142.372 -57004.3
0.80500000000000005 4.3292 72.6285 233719
0.80600000000000005 4.59462 411.393 32832
0.80700000000000005 4.91262 192.524 -210094
0.80800000000000005 5.02965 65.5996 -62164.9
0.80900000000000005 5.06183 -48.0099 -314269
0.81000000000000005 4.81414 -405.855 -119021
0.81100000000000005 4.455 -217.21 459318
0.81200000000000006 4.51117 286.624 256776
0.81300000000000006 4.8159 223.304 -347178
0.81400000000000006 4.82336 -151.435 -67909.3
0.81500000000000006 4.72872 -49.552 -74051.2
0.81600000000000006 4.59332 -168.08 181442
0.81700000000000006 4.60289 165.362 117768
0.81800000000000006 4.73179 36.1216 -244268
0.81900000000000006 4.6371 -204.179 -134682
0.82000000000000006 4.4187 -166.621 253408
0.82100000000000006 4.41204 95.2917 -39052.2
0.82200000000000006 4.40062 -102.843 -9438.42
0.82300000000000006 4.37652 96.5883 267202
0.82400000000000007 4.59957 314.432 73504.2
0.82500000000000007 4.89545 230.194 -214165
0.82600000000000007 4.98974 -46.7561 -259075
0.82700000000000007 4.84462 -179 108123
0.82800000000000007 4.7947 115.177 347164
0.82900000000000007 5.05577 316.245 -160176
0.83000000000000007 5.20358 13.0909 -29038.7
0.83100000000000007 5.28999 135.157 -111336
0.83200000000000007 5.31456 4.98282 350535
0.83299999999999996 5.59802 416.489 -379409
0.83399999999999996 5.59728 -351.113 -146489
0.83499999999999996 5.42367 90.3737 465829
0.83599999999999997 5.67125 293.421 -182228
0.83699999999999997 5.76543 -137.821 -421195
0.83799999999999997 5.44653 -480.972 -301285
0.83899999999999997 4.87627 -486.15 676757
0.83999999999999997 4.88609 411.383 249793
0.84099999999999997 5.18248 117.039 -233027
0.84199999999999997 5.25906 73.999 15154.8
0.84299999999999997 5.33996 78.0804 -38155.9
0.84399999999999997 5.38516 7.41425 -72451.1
0.84499999999999997 5.36796 -11.643 98605.8
0.84599999999999997 5.43269 124.324 21340.3
0.84699999999999998 5.52935 71.1993 13005.2
0.84799999999999998 5.6302 118.138 -42321.1
0.84899999999999998 5.67284 -108.131 -483006
0.84999999999999998 5.2537 -744.26 -596675
0.85099999999999998 4.33127 -795.53 1.13754e+06
0.85199999999999998 4.39827 818.896 683004
0.85299999999999998 5.1572 482.49 -711066
0.85399999999999998 5.26504 -227.984 -507741
0.85499999999999998 4.88153 -427.974 152194
0.85599999999999998 4.61236 -117.807 153074
0.85699999999999998 4.49941 -135.008 -30872.4
0.85799999999999998 4.36399 -120.719 59739.6
0.85899999999999999 4.26405 -143.019 -296241
0.85999999999999999 3.91425 -487.106 57529
0.86099999999999999 3.59448 -131.069 243127
0.86199999999999999 3.5108 -75.8524 -11157.9
0.86299999999999999 3.43052 -65.5087 95375
0.86399999999999999 3.44946 141.056 320911
0.86499999999999999 3.75446 392.462 -99831.9
0.86599999999999999 3.97468 -4.56724 -448195
0.86699999999999999 3.77646 -324.253 -59956.6
0.86799999999999999 3.50381 -189.33 153649
0.86899999999999999 3.38289 -42.8901 202966
0.87000000000000000 3.45351 161.609 83832.5
0.87100000000000000 3.61249 138.032 -38137.7
0.87200000000000000 3.72616 55.3639 -228730
0.87300000000000000 3.62843 -236.099 -164587
0.87400000000000000 3.36439 -266.495 1394.87
0.87500000000000000 3.11164 -189.367 282815
0.87600000000000000 3.10289 103.212 -81293.5
0.87700000000000000 3.06082 -128.752 198548
0.87800000000000000 3.19156 412.508 392357
0.87900000000000000 3.69526 510.296 -123994
0.88000000000000000 4.07388 164.905 -610925
0.88100000000000001 3.88695 -472.087 -259177
0.88200000000000001 3.41732 -445.85 -84262.1
0.88300000000000001 2.91374 -403.433 790003
0.88400000000000001 3.14939 912.746 1.10407e+06
0.88500000000000001 4.42146 1380.05 -379686
0.88600000000000001 5.38685 529.173 -592567
0.88700000000000001 5.76082 260.469 -301828
0.88800000000000001 5.83793 -76.5857 -148958
0.88900000000000001 5.76969 0.00033039 219610
0.89000000000000001 5.89463 213.251 20432.1
0.89100000000000001 6.04774 67.8472 -148086
0.89200000000000002 6.06405 -8.89633 8360.92
0.89300000000000002 6.08561 68.7897 112664
0.89400000000000002 6.21628 194.46 125540
0.89500000000000002 6.46974 303.909 76111
0.89600000000000002 6.79105 300.551 -146311
0.89700000000000002 6.96434 -2.9224 -441915
0.89800000000000002 6.69723 -573.593 -696037
0.89900000000000002 5.81114 -975.028 575987
0.90000000000000002 5.43055 245.264 864945
0.90100000000000002 5.87446 459.786 -250142
0.90200000000000002 6.11886 35.2175 -247498
0.90300000000000002 6.09357 -130.713 -478576
0.90400000000000003 5.62013 -784.149 -334193
0.90500000000000003 4.80833 -786.255 15101.9
0.90600000000000003 4.01983 -731.572 346324
0.90700000000000003 3.56574 -141.02 583341
0.90800000000000003 3.67181 290.027 210856
0.90900000000000003 3.98323 245.682 -310886
0.91000000000000003 3.99477 -271.927 -616691
0.91100000000000003 3.44385 -681.698 233544
0.91200000000000003 3.06579 -109.509 95288.3
0.91300000000000003 2.83051 -284.361 474888
0.91400000000000003 3.03375 701.255 613769
0.91500000000000004 3.81215 670.98 -507872
0.91600000000000004 4.12695 -58.5811 -637583
0.91700000000000004 3.83658 -404.164 60835.6
0.91800000000000004 3.57977 -80.6623 260489
0.91900000000000004 3.56005 -33.9061 -188570
0.92000000000000004 3.3744 -333.469 -183358
0.92100000000000004 3.02428 -281.371 326069
0.92200000000000004 2.96851 144.686 200699
0.92300000000000004 3.10644 60.9051 -231527
0.92400000000000004 3.03664 -177.398 -103640
0.92500000000000004 2.86443 -130.881 119022
0.92600000000000005 2.81036 51.0357 285744
0.92700000000000005 3.03186 386.187 260205
0.92800000000000005 3.49959 485.917 -115863
0.92900000000000005 3.85875 192.162 -365016
0.93000000000000005 3.87745 -100.381 -50702.9
0.93100000000000005 3.83135 21.2513 45105.3
0.93200000000000005 3.81768 -95.2547 -237727
0.93300000000000005 3.59057 -315.532 8670.27
0.93400000000000005 3.36617 -99.8132 222744
0.93500000000000005 3.3481 26.6994 2701.34
0.93600000000000005 3.34974 0.0115705 131126
0.93700000000000006 3.47763 271.279 235432
0.93800000000000006 3.84068 460.199 260280
0.93900000000000006 4.42828 595.945 -427097
0.94000000000000006 4.62348 -220.001 -553264
0.94100000000000006 4.30016 -281.158 325937
0.94200000000000006 4.2595 181.417 236598
0.94300000000000006 4.45089 148.508 -92583
0.94400000000000006 4.564 87.5957 -33095.3
0.94500000000000006 4.63974 57.8494 -67105.2
0.94600000000000006 4.64893 -45.4297 -104670
0.94700000000000006 4.55622 -134.03 -69171.5
0.94800000000000006 4.41021 -93.211 311138
0.94900000000000007 4.54692 333.261 132026
0.95000000000000007 4.80733 105.355 -372148
0.95100000000000007 4.71546 -288.187 -368974
0.95200000000000007 4.27639 -506.058 125107
0.95300000000000007 3.94836 -110.569 375537
0.95400000000000007 3.97875 135.032 155772
0.95500000000000007 4.16718 215.581 -1367.78
0.95600000000000007 4.35398 130.551 -166297
0.95700000000000007 4.38365 -64.1841 -128336
0.95800000000000007 4.2888 -100.644 22380
0.95900000000000007 4.22028 2.1611 250881
0.95999999999999996 4.38913 325.666 199573
0.96099999999999997 4.74639 329.863 -155738
0.96199999999999997 4.96294 102.282 -166631
0.96299999999999997 5.00837 -24.8958 -241660
0.96399999999999997 4.82926 -287.001 25008
0.96499999999999997 4.67877 55.9348 451989
0.96599999999999997 4.94218 389.536 -27750.1
0.96699999999999997 5.19249 77.9965 -238223
0.96799999999999997 5.22077 17.9052 1558.01
0.96899999999999997 5.24174 26.1286 14117.2
0.96999999999999997 5.27189 17.3435 -85187.5
0.97099999999999997 5.22467 -100.155 -19237
0.97199999999999998 5.15855 -15.6887 82188.6
0.97299999999999998 5.16472 3.71863 -63157.5
0.97399999999999998 5.11607 -93.753 -22512.3
0.97499999999999998 5.04742 -24.0368 96292
0.97599999999999998 5.06497 38.2512 -27677.1
0.97699999999999998 5.05548 -76.9198 -147114
0.97799999999999998 4.90314 -229.782 -159195
0.97899999999999998 4.59567 -371.384 -77636.5
0.97999999999999998 4.21604 -351.987 137274
0.98099999999999998 3.96202 -165.112 85909.6
0.98199999999999998 3.79399 -182.365 14891
0.98299999999999998 3.63911 -143.307 -78082.8
0.98399999999999999 3.40333 -357.421 -254684
0.98499999999999999 2.92533 -577.571 -129531
0.98599999999999999 2.32135 -594.72 84696.2
0.98699999999999999 1.80386 -397.649 339905
0.98799999999999999 1.60967 -12.9629 209292
0.98899999999999999 1.61972 -11.5478 -60097.8
0.98999999999999999 1.58736 -26.6132 98567
0.99099999999999999 1.64919 160.263 159586
0.99199999999999999 1.86229 242.056 16207.3
0.99299999999999999 2.10192 254.257 117696
0.99399999999999999 2.45698 464.701 171550
0.99500000000000000 2.96886 508.671 -130524
0.99600000000000000 3.36578 296.378 -64289.8
0.99700000000000000 3.70146 399.223 81852.6
0.99800000000000000 4.10914 400.593 -11620
0.99900000000000000 4.5036 366.51 -142390
1.0000000000000000 4.7573 125.476 -234865
1.0010000000000001 4.78471 -51.7046 -121177
1.0020000000000000 4.69098 -116.653 -6579.61
1.0030000000000001 4.58525 -97.4962 -22855.5
1.0040000000000000 4.46157 -132.611 81116.8
1.0050000000000001 4.41628 47.8066 114986
1.0060000000000000 4.48252 77.3042 71514.8
1.0070000000000001 4.62652 227.823 173863
1.0080000000000000 4.93176 349.05 -28425.4
1.0090000000000001 5.21591 216.212 -45046.1
1.0100000000000000 5.45925 282.837 27716.8
1.0110000000000001 5.72139 219.083 -105857
1.0120000000000000 5.88604 121.389 -38248.4
1.0130000000000001 6.00425 92.162 -177414
1.0140000000000000 5.95499 -170.779 -54114.7
1.0150000000000001 5.85929 26.2559 224005
1.0160000000000000 5.97246 188.569 155758
1.0170000000000001 6.24053 331.617 58833.1
1.0180000000000000 6.55774 248.318 -268856
1.0190000000000001 6.6138 -158.185 -398050
1.0200000000000000 6.29457 -411.401 17592.6
1.0210000000000001 5.99128 -135.816 370399
1.0220000000000000 6.03568 193.727 182902
1.0230000000000001 6.25852 205.165 -96439.9
1.0240000000000000 6.39108 37.1373 -233258
1.0249999999999999 6.2936 -241.786 -290493
1.0260000000000000 5.92001 -456.16 8619.46
1.0269999999999999 5.55592 -223.289 296791
1.0280000000000000 5.47361 49.5611 241873
1.0289999999999999 5.62192 191.078 -97872.5
1.0300000000000000 5.68173 -83.7682 -163248
1.0309999999999999 5.59144 -63.5043 31261.6
1.0320000000000000 5.52234 -77.8449 14798.9
1.0329999999999999 5.46908 -30.0571 4035.91
1.0340000000000000 5.42328 -45.6736 103853
1.0349999999999999 5.48736 209.805 316609
1.0360000000000000 5.84448 444.514 -50211.4
1.0369999999999999 6.15687 151.597 -210295
1.0380000000000000 6.2801 142.266 69493.1
1.0389999999999999 6.44901 147.103 -227564
1.0400000000000000 6.38746 -323.486 -540515
1.0409999999999999 5.81537 -754.36 -134930
1.0420000000000000 5.12402 -503.911 610653
1.0429999999999999 5.01912 316.558 732582
1.0440000000000000 5.60802 732.477 -46290.9
1.0449999999999999 6.16495 321.241 -389932
1.0460000000000000 6.36249 124.682 -88745.8
1.0469999999999999 6.45931 72.9623 -67216.9
1.0480000000000000 6.49206 12.8636 60163.4
1.0489999999999999 6.58754 203.254 205453
1.0500000000000000 6.86617 289.449 -189566
1.0509999999999999 6.9537 -176.415 -552148
1.0520000000000000 6.52191 -618.462 -129577
1.0529999999999999 5.98138 -315.991 750959
1.0540000000000000 6.15026 619.054 510188
1.0549999999999999 6.79169 504.291 -430056
1.0560000000000000 7.04769 22.2447 -331498
1.0569999999999999 6.97979 -123.767 -135752
1.0580000000000001 6.76345 -318.141 -187403
1.0589999999999999 6.36662 -459.09 -88465.1
1.0600000000000001 5.88075 -499.138 -8432.6
1.0609999999999999 5.38216 -502.147 -35350.2
1.0620000000000001 4.8451 -587.036 -125110
1.0629999999999999 4.19596 -669.656 135414
1.0640000000000001 3.6874 -296.499 429711
1.0649999999999999 3.57973 19.024 46902
1.0660000000000001 3.51004 -247.776 -482919
1.0669999999999999 2.98765 -760.418 -243563
1.0680000000000001 2.23945 -645.26 288281
1.0690000000000000 1.75491 -326.917 263922
1.0700000000000001 1.52876 -145.887 144084
1.0710000000000000 1.45828 32.0894 314221
1.0720000000000001 1.69393 421.193 186298
1.0730000000000000 2.09417 289.177 -346874
1.0740000000000001 2.17299 -117.174 -244367
1.0750000000000000 2.02311 -118.457 132170
1.0760000000000001 1.99057 61.2112 175253
1.0770000000000000 2.12338 172.68 -20330.5
1.0780000000000001 2.24008 54.6101 -43619.1
1.0790000000000000 2.32382 137.792 97107.8
1.0800000000000001 2.49756 213.874 128024
1.0810000000000000 2.80876 447.969 366819
1.0820000000000001 3.46568 806.95 -16782.2
1.0830000000000000 4.08866 340.888 -577622
1.0840000000000001 4.1806 -79.4068 -98283.1
1.0850000000000000 4.16818 86.5882 62808.8
1.0860000000000001 4.19736 -52.4757 -58454.9
1.0870000000000000 4.18412 43.4827 27078.7
1.0880000000000001 4.18291 -72.0142 -117177
1.0890000000000000 4.08172 -93.7871 104969
1.0900000000000001 4.08624 139.046 318598
1.0910000000000000 4.39122 428.799 46458.1
1.0920000000000001 4.73556 210.81 -224288
1.0930000000000000 4.88036 112.419 -27613.8
1.0940000000000001 4.98686 91.6656 -88054.1
1.0950000000000000 5.00166 -78.5581 -180188
1.0960000000000001 4.84515 -218.947 -85761.9
1.0970000000000000 4.6024 -255.206 -20993.3
1.0980000000000001 4.33201 -300.673 -116062
1.0990000000000000 3.95548 -415.218 131081
1.1000000000000001 3.72313 16.1105 501710
1.1010000000000000 3.96073 407.572 182636
1.1020000000000001 4.37362 345.853 -245308
1.1030000000000000 4.55981 32.8928 -187274
1.1040000000000001 4.57443 49.091 118783
1.1050000000000000 4.6887 156.733 -30867.7
1.1060000000000001 4.76478 -43.3133 -250846
1.1070000000000000 4.60948 -231.628 -26272.9
1.1080000000000001 4.4299 -97.2498 138625
1.1090000000000000 4.37351 -34.7499 27855.9
1.1100000000000001 4.34919 -19.383 -6185.93
1.1110000000000000 4.32294 -17.0706 99956.1
1.1120000000000001 4.39371 146.741 3864.01
1.1130000000000000 4.45428 -69.0218 -233991
1.1140000000000001 4.30548 -186.765 19191.3
1.1150000000000000 4.17176 -61.8957 119149
1.1160000000000001 4.14725 2.41667 62438.5
1.1170000000000000 4.18391 45.5224 -104788
1.1180000000000001 4.10854 -234.853 -320327
1.1190000000000000 3.73515 -466.209 -33156.9
1.1200000000000001 3.32971 -312.453 135709
1.1210000000000000 3.04576 -256.189 152438
1.1220000000000001 2.92243 17.4944 173248
1.1230000000000000 2.95639 20.5502 16475.8
1.1240000000000001 3.02821 163.842 259707
1.1250000000000000 3.34447 437.243 40319.5
1.1260000000000001 3.67731 126.843 -555926
1.1270000000000000 3.48732 -466.705 -269502
1.1280000000000001 3.06157 -248.09 527943
1.1290000000000000 3.12177 333.997 274523
1.1300000000000001 3.43281 207.19 -163611
1.1310000000000000 3.62383 236.895 206373
1.1320000000000001 4.00619 519.241 124112
1.1330000000000000 4.49171 386.703 -247736
1.1340000000000001 4.75063 141.747 -175104
1.1350000000000000 4.84345 85.3148 75209.3
1.1360000000000001 5.00626 253.328 136441
1.1370000000000000 5.29169 287.842 -37560.3
1.1380000000000001 5.54553 213.543 -69652
1.1390000000000000 5.73451 173.155 -18200.4
1.1400000000000001 5.90393 169.224 1752.12
1.1410000000000000 6.07371 168.714 -8767.95
1.1420000000000001 6.23235 136.437 -85768.7
1.1430000000000000 6.30773 21.3495 -26850.8
1.1440000000000001 6.36418 112.088 77544.3
1.1450000000000000 6.4867 125.32 45789
1.1460000000000001 6.65645 191.787 -118484
1.1470000000000000 6.69326 -166.106 -373238
1.1480000000000001 6.38817 -385.992 -17579.1
1.1490000000000000 6.06573 -211.119 251833
1.1500000000000001 5.97771 22.0911 166779
1.1510000000000000 6.04843 77.0665 -92212.8
1.1520000000000001 6.0325 -114.445 -95752
1.1530000000000000 5.9387 -35.3454 109005
1.1539999999999999 5.9372 20.8133 46425.9
1.1550000000000000 5.9852 68.6193 -706.586
1.1559999999999999 6.02822 1.51623 -89202.2
1.1570000000000000 5.99021 -62.8166 6223.76
1.1579999999999999 5.95814 0.211888 -4048.69
1.1590000000000000 5.91224 -108.67 -83298.3
1.1599999999999999 5.80115 -71.0742 173731
1.1610000000000000 5.8556 176.218 118750
1.1619999999999999 6.01226 101.748 -59776.3
1.1630000000000000 6.12917 144.415 -11148.8
1.1639999999999999 6.21803 0.486844 -194620
1.1650000000000000 6.12358 -185.995 -173515
1.1659999999999999 5.85575 -346.96 -158979
1.1670000000000000 5.43236 -476.344 -1847.02
1.1679999999999999 5.01449 -325.13 183580
1.1690000000000000 4.76704 -169.831 194484
1.1699999999999999 4.71689 64.7945 143911
1.1710000000000000 4.79709 57.7151 -68093
1.1719999999999999 4.82474 14.9111 46999.9
1.1730000000000000 4.89737 118.189 -64771.3
1.1739999999999999 4.89181 -145.525 -98938.7
1.1750000000000000 4.82044 52.1778 134627
1.1759999999999999 4.84385 -57.5494 -141136
1.1770000000000000 4.7508 -115.245 -79934.6
1.1779999999999999 4.56919 -247.849 -56195.5
1.1790000000000000 4.34564 -163.527 143619
1.1799999999999999 4.25388 -21.7171 131841
1.1810000000000000 4.28769 56.8939 -82378.1
1.1819999999999999 4.23321 -195.549 -224559
1.1830000000000001 3.97828 -278.9 -27708.7
1.1839999999999999 3.68786 -280.36 119031
1.1850000000000001 3.52185 -32.1719 204039
1.1859999999999999 3.53757 20.6337 -43687
1.1870000000000001 3.51762 -78.6704 -151915
1.1879999999999999 3.3547 -218.065 57138.3
1.1890000000000001 3.26083 61.2372 182521
1.1899999999999999 3.31092 -29.471 -196135
1.1910000000000001 3.18792 -218.042 -210916
1.1919999999999999 2.85426 -439.025 -130003
1.1930000000000001 2.40364 -416.478 136983
1.1940000000000000 2.08127 -216.614 193456
1.1950000000000001 1.94184 -83.2457 66157.4
1.1960000000000000 1.86944 -75.1205 -6916.67
1.1970000000000001 1.79554 -72.3136 -8867.44
1.1980000000000000 1.7107 -100.468 -22600
1.1990000000000001 1.60616 -104.976 -4365.87
1.2000000000000000 1.4969 -105.2 56145.3
1.2010000000000001 1.44767 16.8943 99257.9
1.2020000000000000 1.48622 40.6604 -9534.52
1.2030000000000001 1.52024 19.3665 -63843.8
1.2040000000000000 1.48856 -89.1518 -89434.8
1.2050000000000001 1.37582 -121.072 -3930.82
1.2060000000000000 1.25376 -126.211 -27108.9
1.2070000000000001 1.10667 -151.346 97584.5
1.2080000000000000 1.06655 92.0402 179691
1.2090000000000001 1.17962 91.0888 -51212.5
1.2100000000000000 1.26333 102.795 116315
1.2110000000000001 1.46635 329.554 257257
1.2120000000000000 1.91096 530.823 67884.5
1.2130000000000001 2.41353 421.822 -236695
1.2140000000000000 2.69 117.681 -302551
1.2150000000000001 2.6768 -113.917 -110871
1.2160000000000000 2.55739 -89.5509 85293.5
1.2170000000000001 2.50994 -13.5782 27303.7
1.2180000000000000 2.48932 -21.6687 92933.3
1.2190000000000001 2.57641 226.444 241113
1.2200000000000000 2.87898 334.541 -23525.6
1.2210000000000001 3.16052 198.01 -194635
1.2220000000000000 3.25623 -11.3635 -222941
1.2230000000000001 3.13437 -206.911 -42202.1
1.2240000000000000 2.98441 -43.6965 220572
1.2250000000000001 3.02966 105.437 39400.2
1.2260000000000000 3.11339 45.5701 -30282.7
1.2270000000000001 3.18297 110.391 44318
1.2280000000000000 3.28126 66.8924 -53867
1.2290000000000001 3.33886 68.6658 71624.5
1.2300000000000000 3.46852 206.862 158173
1.2310000000000001 3.74562 323.618 -2106.33
1.2320000000000000 4.01052 160.972 -258243
1.2330000000000001 4.03129 -113.902 -205032
1.2340000000000000 3.85773 -207.654 -72646.4
1.2350000000000001 3.5993 -310.559 -64736.8
1.2360000000000000 3.28843 -274.541 160687
1.2370000000000001 3.1342 -33.0362 117634
1.2380000000000000 3.07469 -116.433 3330.06
1.2390000000000001 3.05635 125.779 216212
1.2400000000000000 3.21462 138.948 -64627.4
1.2410000000000001 3.32965 100.989 -3538.42
1.2420000000000000 3.43769 100.485 -120974
1.2430000000000001 3.41525 -151.562 -86167.6
1.2440000000000000 3.3477 97.1337 338185
1.2450000000000001 3.57418 304.544 15530.6
1.2460000000000000 3.81059 116.411 -264469
1.2470000000000001 3.80359 -125.481 -239865
1.2480000000000000 3.55584 -359.139 -157194
1.2490000000000001 3.16576 -359.655 229158
1.2500000000000000 3.01635 150.973 762596
1.2510000000000001 3.60803 1009.73 516859
1.2520000000000000 4.64894 887.82 -530989
1.2530000000000001 5.20602 196.701 -660598
1.2540000000000000 5.13935 -245.433 -129028
1.2550000000000001 4.95112 -55.503 261017
1.2560000000000000 4.983 89.8881 103635
1.2570000000000001 5.12995 201.104 74962.3
1.2580000000000000 5.34245 189.422 -143526
1.2590000000000001 5.40887 -79.9332 -244763
1.2600000000000000 5.25765 -169.762 74139.5
1.2610000000000001 5.17545 21.4673 122256
1.2620000000000000 5.18932 -25.8187 -18456.8
1.2630000000000001 5.21836 137.594 288996
1.2640000000000000 5.51859 441.556 104684
1.2650000000000001 5.89525 248.55 -196917
1.2660000000000000 6.12225 251.335 33595.7
1.2670000000000001 6.34933 147.242 -321102
1.2680000000000000 6.25027 -382.214 -470714
1.2690000000000001 5.73047 -553.694 160144
1.2700000000000000 5.36787 -106.816 479868
1.2710000000000001 5.43888 188.899 123430
1.2720000000000000 5.63578 152.563 -188487
1.2730000000000001 5.65377 -113.98 -108572
1.2740000000000000 5.59776 65.6405 200373
1.2750000000000001 5.69496 73.9506 -107647
1.2760000000000000 5.70163 -58.761 -73164.4
1.2770000000000001 5.64674 -32.9273 1106.11
1.2780000000000000 5.5737 -132.738 -84026.9
1.2790000000000001 5.43673 -113.496 66788.7
1.2800000000000000 5.35555 -52.3982 41719.7
1.2809999999999999 5.31583 -22.7391 86932.8
1.2820000000000000 5.37131 142.099 96145
1.2829999999999999 5.50035 83.589 -52912.1
1.2840000000000000 5.6023 139.323 20243.2
1.2849999999999999 5.70153 34.0437 -90342.4
1.2860000000000000 5.73271 45.1585 -29961.5
1.2869999999999999 5.71208 -106.646 -102323
1.2880000000000000 5.61766 -43.8164 87597.4
1.2889999999999999 5.58495 -46.9725 -52762.1
1.2900000000000000 5.50914 -98.0996 1236.17
1.2909999999999999 5.44214 -18.0689 87439.6
1.2920000000000000 5.45052 27.9836 63548.2
1.2929999999999999 5.53094 136.687 58741.9
1.2940000000000000 5.65504 89.657 -38886.6
1.2949999999999999 5.75986 138.785 47409.1
1.2960000000000000 5.8942 101.038 -126902
1.2969999999999999 5.90387 -92.8399 -165520
1.2980000000000000 5.76454 -163.262 -53416.5
1.2989999999999999 5.56057 -234.397 49707.6
1.3000000000000000 5.42954 25.6126 326224
1.3009999999999999 5.59386 268.029 97873.2
1.3020000000000000 5.84328 160.2 -330981
1.3029999999999999 5.76512 -350.502 -467406
1.3040000000000000 5.26459 -567.958 26331.4
1.3049999999999999 4.78764 -316.495 428234
1.3060000000000000 4.72368 196.57 422753
1.3069999999999999 5.04845 380.116 3794.08
1.3080000000000001 5.39224 286.346 -92494.7
1.3089999999999999 5.66414 290.698 109638
1.3100000000000001 6.04314 476.469 120981
1.3109999999999999 6.51235 385.145 -356266
1.3120000000000001 6.62515 -192.143 -440232
1.3129999999999999 6.36515 -216.546 153136
1.3140000000000001 6.20978 -102.272 118048
1.3149999999999999 6.17832 33.4378 50112.6
1.3160000000000001 6.17936 -65.1981 -109391
1.3169999999999999 6.1006 -48.2808 160243
1.3180000000000001 6.17919 214.616 145157
1.3190000000000000 6.36022 64.6159 -308194
1.3200000000000001 6.26517 -242.94 -204918
1.3210000000000000 5.98605 -254.32 150956
1.3220000000000001 5.84644 -13.5696 166053
1.3230000000000000 5.84151 -47.6062 -98006.3
1.3240000000000001 5.76886 -68.0219 91061.6
1.3250000000000000 5.79256 149.699 273852
1.3260000000000001 6.07127 378.77 59486.2
1.3270000000000000 6.38487 168.357 -392200
1.3280000000000001 6.32908 -286.539 -390083
1.3290000000000000 5.91392 -460.492 142801
1.3300000000000001 5.65488 20.5532 509527
1.3310000000000000 5.8401 276.569 102804
1.3320000000000001 6.15128 335.272 52104.9
1.3330000000000000 6.52011 393.417 -34564.3
1.3340000000000001 6.83361 177.8 -355605
1.3350000000000000 6.80713 -218.228 -201864
1.3360000000000001 6.62377 -56.9959 257494
1.3370000000000000 6.63935 38.9319 -23676.7
1.3380000000000001 6.64074 -61.399 -174271
1.3390000000000000 6.47185 -276.232 -131358
1.3400000000000001 6.1966 -225.928 120988
1.3410000000000000 6.01795 -140.026 78489.5
1.3420000000000001 5.92314 -49.3432 68115.5
1.3430000000000000 5.88885 -36.2077 -29560.2
1.3440000000000001 5.82868 -88.0506 -41914.1
1.3450000000000000 5.73172 -107.663 -81850.2
1.3460000000000001 5.53578 -317.387 -250820
1.3470000000000000 5.11182 -494.426 2462.31
1.3480000000000001 4.70896 -257 251347
1.3490000000000000 4.50799 -203.197 -73886.9
1.3500000000000001 4.25165 -311.643 -56642.2
1.3510000000000000 3.95881 -227.069 224932
1.3520000000000001 3.88455 80.4637 153030
1.3530000000000000 3.91551 -95.1979 -199361
1.3540000000000001 3.81569 -29.9094 202964
1.3550000000000000 3.88683 159.171 97152.4
1.3560000000000001 4.04084 121.687 -7129.33
1.3570000000000000 4.22072 260.557 40546.3
1.3580000000000001 4.38608 -25.2048 -486782
1.3590000000000000 4.10462 -486.934 -39815.1
1.3600000000000001 3.86303 170.101 736167
1.3610000000000000 4.21406 377.241 -118908
1.3620000000000001 4.49504 147.176 -345963
1.3630000000000000 4.43432 -268.883 -268663
1.3640000000000001 4.15683 -166.299 436694
1.3650000000000000 4.29738 474.075 454669
1.3660000000000001 4.80452 391.339 -333774
1.3670000000000000 5.04852 119.22 -191398
1.3680000000000001 5.10187 -8.17977 -224732
1.3690000000000000 4.8994 -422.223 -245635
1.3700000000000001 4.5314 -191.246 361811
1.3710000000000000 4.4424 -45.9888 51996.4
1.3720000000000001 4.43456 32.4913 41540.8
1.3730000000000000 4.45618 3.65468 57425.8
1.3740000000000001 4.56895 266.276 237759
1.3750000000000000 4.86445 253.099 -148832
1.3760000000000001 5.0403 96.7166 -157818
1.3770000000000000 5.0605 -49.7711 -108525
1.3780000000000001 4.97655 -113.874 -121301
1.3790000000000000 4.74876 -373.007 -255612
1.3800000000000001 4.30317 -451.151 175458
1.3810000000000000 4.04796 18.6117 568030
1.3820000000000001 4.30718 434.114 118745
1.3830000000000000 4.65502 162.901 -356785
1.3840000000000001 4.72315 46.9468 59809.7
1.3850000000000000 4.83278 195.264 172853
1.3860000000000001 5.09638 298.431 -66851.8
1.3870000000000000 5.26914 -30.6224 -496403
1.3880000000000001 4.97953 -496.482 -24363.1
1.3890000000000000 4.75586 215.606 672870
1.3900000000000001 5.01382 92.7985 -351135
1.3910000000000000 5.06334 91.1715 36987.6
1.3920000000000001 5.06851 -179.177 -537210
1.3930000000000000 4.56445 -766.613 143581
1.3940000000000001 4.38069 695.005 1.36012e+06
1.3950000000000000 5.20015 540.848 -660388
1.3960000000000001 5.62045 448.991 76775
1.3970000000000000 6.01066 238.1 -473069
1.3980000000000001 5.94555 -359.273 -218710
1.3990000000000000 5.77781 186.139 387768
1.4000000000000001 5.76909 -444.382 -662860
1.4010000000000000 5.35189 -127.863 652066
1.4020000000000001 5.41096 105.824 -191879
1.4030000000000000 5.28528 -428.642 -447778
1.4040000000000001 4.82541 -328.442 446830
1.4050000000000000 4.75316 189.986 410479
1.4060000000000001 5.04326 295.569 -128864
1.4070000000000000 5.2236 11.2555 -460241
1.4079999999999999 4.94395 -588.918 -453609
1.4090000000000000 4.29111 -549.945 558045
1.4099999999999999 4.19274 447.041 902470
1.4110000000000000 4.85018 648.525 -353409
1.4119999999999999 5.20388 2.3309 -520268
1.4130000000000000 5.14988 52.7959 344217
1.4139999999999999 5.36196 360.704 286416
1.4150000000000000 5.86222 618.463 108112
1.4159999999999999 6.44033 473.952 -187584
1.4170000000000000 6.88569 445.112 -122923
1.4179999999999999 7.14062 -27.5016 -571880
1.4190000000000000 6.89708 -379.659 -63438.8
1.4199999999999999 6.60238 -149.032 138880
1.4210000000000000 6.34507 -468.411 -260431
1.4219999999999999 5.96802 -133.994 445794
1.4230000000000000 5.89937 -135.626 -274075
1.4239999999999999 5.6104 -439.104 -197414
1.4250000000000000 5.16169 -384.287 202200
1.4259999999999999 4.88504 -157.387 287097
1.4270000000000000 4.90344 207.654 312013
1.4279999999999999 5.19569 309.884 -76528.4
1.4290000000000000 5.4225 112.953 -219017
1.4299999999999999 5.45842 -17.2128 -101504
1.4310000000000000 5.37656 -147.522 -68719.5
1.4319999999999999 5.25027 -70.6674 73263.8
1.4330000000000001 5.15396 -172.47 -193909
1.4339999999999999 4.89042 -336.042 -43689.3
1.4350000000000001 4.60857 -164.628 294457
1.4359999999999999 4.59204 123.218 215964
1.4370000000000001 4.77178 186.234 -79888.5
1.4379999999999999 4.87688 -0.564173 -175137
1.4390000000000001 4.84113 -34.2567 -4040.65
1.4399999999999999 4.76903 -129.882 -73938.4
1.4410000000000001 4.65545 -63.07 71182.1
1.4419999999999999 4.57213 -149.739 -175109
1.4430000000000001 4.33666 -308.265 -62219.4
1.4440000000000000 4.06106 -200.383 125384
1.4450000000000001 3.86597 -225.589 -20059.7
1.4460000000000000 3.69923 -41.8771 366749
1.4470000000000001 3.88716 420.492 242250
1.4480000000000000 4.22407 97.9764 -529955
1.4490000000000001 4.14311 -181.182 -81480.1
1.4500000000000000 3.96268 -147.215 83896.8
1.4510000000000001 3.84607 -91.1568 73310.5
1.4520000000000000 3.81599 46.0466 132744
1.4530000000000001 3.8978 95.35 26972.8
1.4540000000000000 4.02567 174.91 99203.7
1.4550000000000001 4.24225 251.339 61207.3
1.4560000000000000 4.52053 285.991 -106430
1.4570000000000001 4.65705 -94.4813 -546177
1.4580000000000000 4.28634 -620.522 -287670
1.4590000000000001 3.69447 -429.07 387181
1.4600000000000000 3.39801 -216.11 103172
1.4610000000000001 3.22652 -128.904 107964
1.4620000000000000 3.17419 39.4251 173661
1.4630000000000001 3.27692 139.354 2578.5
1.4640000000000000 3.37506 19.8905 -200785
1.4650000000000001 3.28825 -181.157 -61812.6
1.4660000000000000 3.18164 35.7016 213359
1.4670000000000001 3.19693 -106.659 -306431
1.4680000000000000 2.97164 -297.595 12824.8
1.4690000000000001 2.78559 2.81247 378573
1.4700000000000000 2.90814 180.124 31751.9
1.4710000000000001 3.0823 154.281 -23579.7
1.4720000000000000 3.25296 212.596 120494
1.4730000000000001 3.53611 353.391 80574.9
1.4740000000000000 3.87444 286.454 -73518.6
1.4750000000000001 4.18607 384.928 165142
1.4760000000000000 4.62528 454.839 -104400
1.4770000000000001 4.93546 96.2699 -435271
1.4780000000000000 4.8719 -166.469 -96927.6
1.4790000000000001 4.70851 -113.496 166550
1.4800000000000000 4.69837 108.17 237297
1.4810000000000001 4.9103 288.901 32643.2
1.4820000000000000 5.12563 77.3133 -259409
1.4830000000000001 5.14856 23.8629 -2261.98
1.4840000000000000 5.11543 -137.256 -252257
1.4850000000000001 4.85551 -366.884 -112169
1.4860000000000000 4.51449 -256.989 146935
1.4870000000000001 4.25782 -298.31 13634.3
1.4880000000000000 4.09955 93.0497 597825
1.4890000000000001 4.47421 610.839 217563
1.4900000000000000 4.99083 253.858 -661323
1.4910000000000001 4.94616 -292.597 -286578
1.4920000000000000 4.66448 -144.464 363234
1.4930000000000001 4.66774 133.359 320535
1.4940000000000000 5.03379 629.866 346377
1.4950000000000001 5.63044 392.677 -538753
1.4960000000000000 5.79362 -14.3773 -179696
1.4970000000000001 5.80815 123.603 148974
1.4980000000000000 5.86135 -131.066 -411240
1.4990000000000001 5.59608 -320.847 89297.7
1.5000000000000000 5.43733 82.1199 407531
1.5010000000000001 5.5739 74.2938 -162113
1.5020000000000000 5.64443 125.283 113375
1.5030000000000001 5.77266 88.1094 -101898
1.5040000000000000 5.83164 53.1878 44280.3
1.5050000000000001 5.93824 179.437 112478
1.5060000000000000 6.12111 135.878 -180195
1.5070000000000001 6.13348 -123.504 -168125
1.5080000000000000 6.04038 26.6041 263996
1.5090000000000001 6.13418 110.598 21102.6
1.5100000000000000 6.29247 226.069 70756.2
1.5110000000000001 6.46742 35.3919 -467905
1.5120000000000000 6.17288 -678.109 -612199
1.5130000000000001 5.39867 -686.257 382898
1.5140000000000000 4.92391 -243.972 495464
1.5150000000000001 4.94018 270.407 379705
1.5160000000000000 5.27824 307.916 -103072
1.5170000000000001 5.59115 357.483 62066.3
1.5180000000000000 5.9124 235.535 -158566
1.5190000000000001 6.13262 258.105 114087
1.5200000000000000 6.43132 324.487 32571
1.5210000000000001 6.76811 344.817 5467.32
1.5220000000000000 7.10822 317.491 -147751
1.5230000000000001 7.26698 -67.9878 -482061
1.5240000000000000 7.00198 -407.035 -103791
1.5250000000000001 6.66816 -159.458 397082
1.5260000000000000 6.64917 63.7667 52387.6
1.5270000000000001 6.68478 -37.5222 -175599
1.5280000000000000 6.57807 -150.429 7861.86
1.5290000000000001 6.50097 44.4441 202151
1.5300000000000000 6.55336 -16.8825 -189567
1.5310000000000001 6.47263 -110.181 32535.9
1.5320000000000000 6.43444 66.969 129112
1.5330000000000001 6.44765 -131.905 -296117
1.5340000000000000 6.2603 -161.294 141892
1.5350000000000001 6.17296 -27.7579 -24233.5
1.5360000000000000 6.00236 -404.397 -386200
1.5369999999999999 5.58718 -278.721 334605
1.5380000000000000 5.37935 -218.935 -90183
1.5389999999999999 5.13557 -238.255 139331
1.5400000000000000 5.06531 162.268 367972
1.5409999999999999 5.23993 45.6989 -336798
1.5420000000000000 5.19135 -71.4476 78836.5
1.5429999999999999 5.20953 139.35 179427
1.5440000000000000 5.338 34.3803 -236895
1.5449999999999999 5.29537 -84.0659 -51528.9
1.5460000000000000 5.17835 -160.733 -133260
1.5469999999999999 4.91668 -372.424 -73864.1
1.5480000000000000 4.67252 10.8016 499690
1.5489999999999999 4.77887 59.7079 -294412
1.5500000000000000 4.64041 -366.849 -374586
1.5509999999999999 4.20784 -391.021 198946
1.5520000000000000 3.91687 -196.138 139172
1.5529999999999999 3.7432 -185.3 -970.816
1.5540000000000000 3.6202 -5.30514 294673
1.5549999999999999 3.76094 274.608 167176
1.5560000000000000 4.02499 164.033 -345862
1.5569999999999999 3.96391 -322.926 -488744
1.5580000000000001 3.47761 -568.284 1598.23
1.5589999999999999 2.99335 -329.633 361298
1.5600000000000001 2.8178 -48.9182 192037
1.5609999999999999 2.83043 38.3413 -30006.9
1.5620000000000001 2.80884 -109.834 -114604
1.5629999999999999 2.74044 44.1452 169622
1.5640000000000001 2.72728 -176.556 -280591
1.5649999999999999 2.58509 36.6434 429436
1.5660000000000001 2.74384 205.826 71003.5
1.5669999999999999 3.04982 470.467 455377
1.5680000000000001 3.80743 1078.36 521225
1.5690000000000000 4.97392 1093.17 -389225
1.5700000000000001 5.80084 499.538 -700297
1.5710000000000000 5.97466 -121.542 -486673
1.5720000000000001 5.68924 -358.916 113974
1.5730000000000000 5.56359 247.766 761201
1.5740000000000001 6.03664 550.674 -83687.2
1.5750000000000000 6.46313 246.659 -273279
1.5760000000000001 6.73587 433.641 384370
1.5770000000000000 7.26473 526.916 -199621
1.5780000000000001 7.59361 38.5974 -720574
1.5790000000000000 7.23272 -765.205 -560443
1.5800000000000001 6.46915 -517.141 703827
1.5810000000000000 6.23533 -13.277 359297
1.5820000000000001 6.38672 282.871 58823
1.5830000000000000 6.51316 -180.893 -651495
1.5840000000000001 6.15512 -393.014 165754
1.5850000000000000 5.93046 12.2696 481953
1.5860000000000001 6.10592 263.851 50044.3
1.5870000000000000 6.34633 172.199 -197677
1.5880000000000001 6.40764 -56.2701 -207342
1.5890000000000000 6.2872 -155.295 -89625.4
1.5900000000000001 6.02783 -407.495 -266542
1.5910000000000000 5.57759 -407.69 215129
1.5920000000000001 5.31488 -95.4436 260942
1.5930000000000000 5.23761 -156.522 -237028
1.5940000000000001 4.99958 -277.53 44344.1
1.5950000000000000 4.83075 16.4245 445006
1.5960000000000001 5.05496 412.217 296736
1.5970000000000000 5.54925 504.455 -168103
1.5980000000000001 5.84737 -14.3428 -708827
1.5990000000000000 5.5223 -584.365 -353891
1.6000000000000001 4.8836 -579.941 267700
1.6010000000000000 4.46149 -245.764 345784
1.6020000000000001 4.35624 7.99288 213051
1.6030000000000000 4.4912 277.535 277371
1.6040000000000001 4.87705 460.772 58501.1
1.6050000000000000 5.30541 341.06 -229188
1.6060000000000001 5.54115 130.484 -285452
1.6070000000000000 5.44239 -391.04 -518769
1.6080000000000001 4.95494 -428.314 368411
1.6090000000000000 4.792 155.613 513351
1.6100000000000001 4.98794 60.5093 -287682
1.6110000000000000 5.12355 394.498 594530
1.6120000000000001 5.65373 512.82 -270056
1.6130000000000000 5.96434 59.8932 -442777
1.6140000000000001 5.93856 3.40663 113677
1.6150000000000000 5.90587 -150.829 -309019
1.6160000000000001 5.62859 -368.102 -46480
1.6170000000000000 5.34795 -103.144 360541
1.6180000000000001 5.3059 -90.4642 -234155
1.6190000000000000 5.08884 -334.321 -55562.7
1.6200000000000001 4.9273 181.91 773457
1.6210000000000000 5.35877 549.701 23836
1.6220000000000001 5.85011 368.059 -330616
1.6230000000000000 6.04397 15.6617 -322253
1.6240000000000001 5.9458 -164.553 -36495.4
1.6250000000000000 5.81126 -67.3411 112796
1.6260000000000001 5.72182 -169.713 -100114
1.6270000000000000 5.65765 162.961 400869
1.6280000000000001 5.78063 -134.498 -749568
1.6290000000000000 5.30112 -781.621 -403242
1.6300000000000001 4.50118 -653.912 453953
1.6310000000000000 4.03337 -314.739 309288
1.6320000000000001 3.92494 137.926 469755
1.6330000000000000 4.21114 360.922 118611
1.6340000000000001 4.70069 668.846 293247
1.6350000000000000 5.36038 505.538 -501693
1.6360000000000001 5.59103 -60.487 -544596
1.6370000000000000 5.33016 -381.519 -11557.2
1.6380000000000001 5.10862 77.9149 640324
1.6390000000000000 5.34919 257.102 -155776
1.6400000000000001 5.51207 51.1219 -269738
1.6410000000000000 5.39737 -303.459 -350192
1.6420000000000001 4.98795 -449.912 16331.1
1.6430000000000000 4.56949 -359.526 211696
1.6440000000000001 4.39104 58.1312 401900
1.6450000000000000 4.47578 -42.8748 -377149
1.6460000000000001 4.32738 -169.798 135409
1.6470000000000000 4.32067 231.717 440486
1.6480000000000001 4.61009 198.42 -349871
1.6490000000000000 4.65077 -98.1144 -223232
1.6500000000000001 4.48121 -199.181 39826.9
1.6510000000000000 4.36332 20.4664 350384
1.6520000000000001 4.5632 373.881 245631
1.6530000000000000 4.93729 265.232 -307084
1.6540000000000001 5.10577 118.206 -106178
1.6550000000000000 5.09066 -213.271 -378296
1.6560000000000001 4.81458 -222.125 249275
1.6570000000000000 4.71353 11.465 159467
1.6580000000000001 4.73383 -29.7592 -101399
1.6590000000000000 4.74628 140.31 356347
1.6600000000000001 5.05722 465.273 190564
1.6610000000000000 5.49031 289.75 -349223
1.6620000000000001 5.70346 218.316 14241.6
1.6630000000000000 5.8011 -136.219 -549794
1.6640000000000001 5.46731 -457.107 -128698
1.6650000000000000 4.97958 -485.357 63432.8
1.6659999999999999 4.54945 -348.322 247439
1.6670000000000000 4.39157 89.377 509097
1.6679999999999999 4.66014 371.753 47776.9
1.6690000000000000 4.97166 177.26 -314743
1.6699999999999999 5.0535 41.6958 -37462.8
1.6710000000000000 5.04082 -102.748 -252004
1.6719999999999999 4.7761 -456.935 -386593
1.6730000000000000 4.17493 -687.026 40587.4
1.6739999999999999 3.69432 -109.645 849478
1.6750000000000000 3.87441 345.522 192627
1.6759999999999999 4.34122 603.396 203444
1.6770000000000000 4.92591 458.404 -334176
1.6779999999999999 5.2912 335.385 -45501.1
1.6790000000000000 5.51468 38.2247 -351998
1.6799999999999999 5.52902 125.608 314597
1.6810000000000000 5.70279 123.132 -189807
1.6819999999999999 5.78237 86.1434 100047
1.6830000000000001 5.95003 276.052 221842
1.6839999999999999 6.29669 381.31 43680.3
1.6850000000000001 6.72764 500.309 91861.5
1.6859999999999999 7.17405 300.872 -386548
1.6870000000000001 7.31218 1.47698 -269174
1.6879999999999999 7.13875 -377.07 -339351
1.6890000000000001 6.73834 -287.509 388836
1.6899999999999999 6.62732 40.6995 179381
1.6910000000000001 6.62855 -158.439 -461906
1.6919999999999999 6.25733 -561.839 -292939
1.6930000000000001 5.63347 -599.976 235620
1.6940000000000000 5.2593 -51.4225 716996
1.6950000000000001 5.48928 434.128 252142
1.6960000000000000 5.97 450.337 -187081
1.6970000000000001 6.28968 157.05 -331468
1.6980000000000000 6.33128 -31.1828 -145674
1.6990000000000001 6.14782 -403.985 -451309
1.7000000000000000 5.63158 -517.733 188373
1.7010000000000001 5.2752 -129.567 565476
1.7020000000000000 5.46554 536.743 623735
1.7030000000000001 6.16377 713.513 -213980
1.7040000000000000 6.69442 283.71 -486230
1.7050000000000001 6.86833 184.981 120028
1.7060000000000000 7.02441 49.0822 -244825
1.7070000000000001 7.05653 114.866 298158
1.7080000000000000 7.32191 415.412 276893
1.7090000000000001 7.84243 590.904 54953.5
1.7100000000000000 8.40209 472.883 -246986
1.7110000000000001 8.75155 223.178 -293021
1.7120000000000000 8.77385 -231.116 -590111
1.7130000000000001 8.22834 -866.146 -497615
1.7140000000000000 7.3395 -702.876 580288
1.7150000000000001 6.82282 -425.571 98422.8
1.7160000000000000 6.51104 -136.798 431488
1.7170000000000001 6.58935 287.888 348921
1.7180000000000000 6.95703 357.963 -135678
1.7190000000000001 7.25257 235.416 -153910
1.7200000000000000 7.35574 -75.1759 -335940
1.7210000000000001 7.23793 -46.1039 236476
1.7220000000000000 7.21756 -81.5273 -226672
1.7230000000000001 7.04231 -246.485 -61946
1.7240000000000000 6.84159 -85.6916 275669
1.7250000000000001 6.82012 -24.6506 -63513.4
1.7260000000000000 6.81598 62.5513 148913
1.7270000000000001 6.88035 -3.16838 -231966
1.7280000000000000 6.75691 -245.235 -211659
1.7290000000000001 6.45877 -299.584 81304.4
1.7300000000000000 6.22195 -153.635 185479
1.7310000000000001 6.14738 -10.0294 89031.3
1.7320000000000000 6.15031 -11.0637 -22013.5
1.7330000000000001 6.19524 160.628 256043
1.7340000000000000 6.39412 154.121 -167693
1.7350000000000001 6.52061 152.549 126714
1.7360000000000000 6.7378 278.928 62459.9
1.7370000000000001 6.95747 79.1087 -322496
1.7380000000000000 6.9877 87.4419 243235
1.7390000000000001 7.16901 246.401 58876
1.7400000000000000 7.39417 157.622 -168745
1.7410000000000001 7.51593 128.57 20458.5
1.7420000000000000 7.57049 -98.9859 -402627
1.7430000000000001 7.29411 -424.898 -172215
1.7440000000000000 6.92073 -195.953 447187
1.7450000000000001 6.81379 -147.604 -273575
1.7460000000000000 6.51015 -470.802 -245272
1.7470000000000001 6.08804 -216.478 526674
1.7480000000000000 5.96469 -192.485 -352536
1.7490000000000001 5.61635 -480.314 -167974
1.7500000000000000 5.15573 -343.095 348801
1.7510000000000001 4.9486 -105.58 190674
1.7520000000000000 4.99776 253.24 364964
1.7530000000000001 5.24542 65.2962 -558526
1.7540000000000000 5.12326 -222.259 -88855.5
1.7550000000000001 4.83734 -360.886 -59092.6
1.7560000000000000 4.62709 107.094 774633
1.7570000000000001 4.95954 397.093 -174281
1.7580000000000000 5.13982 -153.735 -721342
1.7590000000000001 4.81734 -311.22 208439
1.7600000000000000 4.49212 -447.701 -318950
1.7610000000000001 4.02229 -360.593 393246
1.7620000000000000 3.83753 -34.1439 185148
1.7630000000000001 3.75739 -255.473 -472277
1.7640000000000000 3.37457 -407.628 62144.8
1.7650000000000001 2.938 -518.607 -166383
1.7660000000000000 2.4647 -306.504 470971
1.7670000000000001 2.3296 -27.612 89445
1.7680000000000000 2.28712 -111.682 -166839
1.7690000000000001 2.17942 -20.8584 269667
1.7700000000000000 2.25259 129.236 79921.7
1.7710000000000001 2.46157 324.839 247546
1.7720000000000000 2.84539 378.132 -138931
1.7730000000000001 3.09283 60.6024 -406428
1.7740000000000000 3.03705 -90.7754 6998.26
1.7750000000000001 2.87638 -298.92 -333552
1.7760000000000000 2.48701 -398.553 222510
1.7770000000000001 2.42278 473.334 1.16582e+06
1.7780000000000000 3.10574 532.513 -809923
1.7790000000000001 3.26046 -196.519 -659176
1.7800000000000000 2.74327 -818.81 -400909
1.7810000000000001 2.04584 -268.904 1.23211e+06
1.7820000000000000 2.25645 552.135 383436
1.7830000000000001 2.81857 396.794 -575501
1.7840000000000000 2.95012 -105.978 -333472
1.7850000000000001 2.86616 113.382 522435
1.7860000000000000 2.99689 -83.0202 -676926
1.7870000000000001 2.74635 -251.838 250911
1.7880000000000000 2.63622 44.3047 274503
1.7890000000000001 2.71685 21.6572 -212624
1.7900000000000000 2.72001 66.7662 194028
1.7910000000000001 2.7792 -46.0032 -286297
1.7920000000000000 2.72217 57.2581 361741
1.7929999999999999 2.8585 117.387 -168027
1.7940000000000000 2.92162 33.9288 -89866.9
1.7949999999999999 2.77701 -443.565 -607641
1.7960000000000000 2.36113 -73.8088 1.01131e+06
1.7969999999999999 2.51476 114.579 -403114
1.7980000000000000 2.57168 138.545 359687
1.7989999999999999 2.86651 427.354 213776
1.8000000000000000 3.36955 547.68 29956.4
1.8009999999999999 3.90671 501.275 -120077
1.8020000000000000 4.32749 321.08 -215004
1.8029999999999999 4.56782 186.008 -61762.3
1.8040000000000000 4.73712 162.146 -80092.9
1.8049999999999999 4.69655 -394.967 -809117
1.8060000000000000 4.15975 -422.241 624363
1.8069999999999999 4.06491 245.432 662289
1.8080000000000001 4.56364 671.189 126730
1.8089999999999999 5.10069 210.949 -930940
1.8100000000000001 4.87297 -631.83 -591737
1.8109999999999999 4.28703 -209.553 1.19831e+06
1.8120000000000001 4.55546 624.99 465421
1.8129999999999999 5.28155 696.478 -303615
1.8140000000000001 5.73179 115.076 -740441
1.8149999999999999 5.6165 -207.093 68090.6
1.8160000000000001 5.52763 109.593 479789
1.8169999999999999 5.79094 331.095 -31493.3
1.8180000000000001 6.03075 74.2633 -454059
1.8190000000000000 5.85913 -432.893 -483906
1.8200000000000001 5.31973 -513.873 246169
1.8210000000000000 4.91037 -323.262 138710
1.8220000000000001 4.64536 -217.774 74151.5
1.8230000000000000 4.4573 -169.779 -70279.4
1.8240000000000001 4.05531 -818.945 -948048
1.8250000000000000 3.14567 -630.186 1.02429e+06
1.8260000000000001 2.78319 -326.673 -128915
1.8270000000000000 2.75148 606.784 1.62859e+06
1.8280000000000001 3.75847 1000.54 -668360
1.8290000000000000 4.37677 194.902 -781396
1.8300000000000001 4.47658 292.006 779880
1.8310000000000000 5.0352 702.897 65832.6
1.8320000000000001 5.69922 554.856 -326533
1.8330000000000000 6.0956 243.011 -289207
1.8340000000000001 6.21608 19.8021 -162597
1.8350000000000000 6.16485 -112.676 -119238
1.8360000000000001 5.9658 -309.089 -197870
1.8370000000000000 5.69841 -87.9021 570533
1.8380000000000001 5.88129 436.894 422769
1.8390000000000000 6.38924 441.028 -356286
1.8400000000000001 6.64273 55.8687 -431250
1.8410000000000000 6.4348 -513.85 -556201
1.8420000000000001 5.9402 -188.478 942224
1.8430000000000000 5.91467 -160.214 -617393
1.8440000000000001 5.75496 142.351 1.02626e+06
1.8450000000000000 6.26521 732.273 137340
1.8460000000000001 6.8832 325.271 -834702
1.8470000000000000 6.88145 -239.005 -308292
1.8480000000000001 6.54456 -379.577 -521.659
1.8490000000000000 6.1554 -406.844 -21983.9
1.8500000000000001 5.80462 -229.172 337332
1.8510000000000000 5.71516 21.343 164393
1.8520000000000001 5.79145 104.447 14884.7
1.8530000000000000 5.90782 132.042 20085.9
1.8540000000000001 6.00496 18.1381 -225139
1.8550000000000000 5.92162 -172.61 -125103
1.8560000000000001 5.7749 -33.8702 361102
1.8570000000000000 5.90665 282.401 270986
1.8580000000000001 6.30842 503.372 124411
1.8590000000000000 6.74038 227.472 -660721
1.8600000000000001 6.54334 -711.556 -1.09894e+06
1.8610000000000000 5.49106 -1183.32 182256
1.8620000000000001 4.67658 -174.845 1.6337e+06
1.8630000000000000 5.07529 731.568 255193
1.8640000000000001 5.88968 852.169 -21385.5
1.8650000000000000 6.66694 637.99 -411318
1.8660000000000001 7.02358 0.779244 -828527
1.8670000000000000 6.62655 -777.439 -699477
1.8680000000000001 5.59217 -1195.73 -52302.7
1.8690000000000000 4.69205 -289.132 1.67012e+06
1.8700000000000001 5.02812 750.056 367065
1.8710000000000000 5.63912 155.83 -1.35473e+06
1.8720000000000001 5.34915 -505.938 -23005
1.8730000000000000 4.91254 -288.744 385410
1.8740000000000001 4.69579 -262.441 -237690
1.8750000000000000 4.46208 -60.7388 535049
1.8760000000000001 4.51506 15.002 -315366
1.8770000000000000 4.41386 -176.96 -102976
1.8780000000000001 4.12766 -450.176 -343908
1.8790000000000000 3.73715 -102.435 932630
1.8800000000000001 4.01984 586.832 453373
1.8810000000000000 4.77422 862.992 105215
1.8820000000000001 5.64935 847.06 -127824
1.8830000000000000 6.41977 680.314 -230762
1.8840000000000001 6.89612 185.507 -700944
1.8850000000000000 6.81913 -250.685 -142505
1.8860000000000001 6.67402 133.499 778188
1.8870000000000000 6.96233 211.32 -535205
1.8880000000000001 6.94466 -208.266 -311845
1.8890000000000000 6.59428 -477.809 -195723
1.8900000000000001 6.13256 -332.276 465735
1.8910000000000000 6.0796 271.469 692811
1.8920000000000001 6.58573 629.627 45330.6
1.8930000000000000 7.19743 553.16 -199787
1.8940000000000001 7.60511 216.669 -470582
1.8950000000000000 7.54959 -363.669 -654333
1.8960000000000001 6.9416 -769.55 -160510
1.8970000000000000 6.16421 -713.16 259354
1.8980000000000001 5.60562 -379.855 379062
1.8990000000000000 5.34317 -216.211 -13546.1
1.9000000000000001 5.18083 -48.9413 303002
1.9010000000000000 5.18596 -37.4217 -247291
1.9020000000000001 5.04313 -229.788 -129102
1.9030000000000000 4.79684 -215.308 135402
1.9040000000000001 4.61548 -181.239 -70723.9
1.9050000000000000 4.35255 -389.567 -287409
1.9060000000000001 3.98837 -171.528 645465
1.9070000000000000 4.01854 111.711 -40965.5
1.9080000000000001 4.13155 134.896 35464.5
1.9090000000000000 4.10911 -352.138 -891568
1.9100000000000001 3.58854 -414.007 664092
1.9110000000000000 3.38186 -122.148 5028.52
1.9120000000000001 3.47205 510.211 1.16268e+06
1.9130000000000000 4.38925 1149.69 109940
1.9140000000000001 5.39416 661.568 -1.03126e+06
1.9150000000000000 5.56272 -300.941 -851418
1.9160000000000001 5.03198 -565.149 297244
1.9170000000000000 4.70471 -1.67506 755538
1.9180000000000001 4.8595 91.1516 -510811
1.9190000000000000 4.72421 -332.553 -325682
1.9199999999999999 4.30457 -431.111 121295
1.9210000000000000 3.97831 -178.271 330808
1.9219999999999999 3.77443 -418.545 -711388
1.9230000000000000 3.25348 -370.956 760336
1.9239999999999999 3.30793 524.128 978402
1.9250000000000000 4.13216 936.181 -103276
1.9259999999999999 5.06305 970.83 112562
1.9270000000000000 5.85597 382.732 -1.18395e+06
1.9279999999999999 5.90895 -16.1185 298255
1.9290000000000000 5.88184 -196.653 -570200
1.9299999999999999 5.67353 51.7128 965297
1.9310000000000000 5.98009 334.599 -341749
1.9319999999999999 6.20495 175.972 8849.03
1.9330000000000001 6.36712 130.044 -106974
1.9339999999999999 6.3932 -127.818 -376066
1.9350000000000001 6.19749 -143.992 312034
1.9359999999999999 6.16179 24.6841 13079.8
1.9370000000000001 6.07948 -302.284 -632626
1.9379999999999999 5.53514 -712.31 -197180
1.9390000000000001 4.74439 -848.916 -68921
1.9399999999999999 3.92123 -737.389 279363
1.9410000000000001 3.31154 -493.775 220707
1.9419999999999999 2.99085 -85.5235 551951
1.9430000000000001 2.98466 -122.908 -584961
1.9440000000000000 2.62386 -544.039 -253312
1.9450000000000001 2.03218 -560.465 208407
1.9460000000000000 1.57985 -340.316 227897
1.9470000000000001 1.33209 -176.586 101561
1.9480000000000000 1.19779 -100.455 53764.8
1.9490000000000001 1.13589 -11.7064 122506
1.9500000000000000 1.18888 121.064 137036
1.9510000000000001 1.34092 145.62 -75458.5
1.9520000000000000 1.49814 218.118 217042
1.9530000000000001 1.84985 510.203 353512
1.9540000000000000 2.46303 642.327 -93599.9
1.9550000000000001 2.95264 231.326 -697834
1.9560000000000000 2.96065 -89.8722 39091.4
1.9570000000000001 2.88938 -53.5846 36986.3
1.9580000000000000 2.88107 63.7911 200705
1.9590000000000001 3.09582 416.102 482763
1.9600000000000000 3.62843 524.335 -254861
1.9610000000000001 3.99764 186.443 -416502
1.9620000000000000 3.98666 -197.446 -338499
1.9630000000000001 3.74499 -161.052 391800
1.9640000000000000 3.72608 69.5207 72594.4
1.9650000000000001 3.80876 72.7308 -61886.4
1.9660000000000000 3.86895 66.09 53149.2
1.9670000000000001 4.02532 310.203 418203
1.9680000000000000 4.43512 400.023 -222301
1.9690000000000001 4.78655 365.289 136877
1.9700000000000000 5.10866 167.455 -513012
1.9710000000000001 5.12822 -19.8076 128204
1.9720000000000000 5.16124 74.6176 65265.7
1.9730000000000001 5.31296 273.198 318623
1.9740000000000000 5.62392 227.207 -403765
1.9750000000000001 5.6165 -274.728 -592759
1.9760000000000000 5.11178 -668.374 -199550
1.9770000000000001 4.33952 -880.195 -217129
1.9780000000000000 3.4487 -803.52 370306
1.9790000000000001 2.92562 -147.42 927628
1.9800000000000000 3.10855 379.857 134638
1.9810000000000001 3.55202 503.339 108673
1.9820000000000000 4.04132 406.911 -297980
1.9830000000000001 4.29717 102.715 -307981
1.9840000000000000 4.29182 -67.4769 -35814.2
1.9850000000000001 4.18077 -180.268 -183303
1.9860000000000000 4.02785 -6.61025 522695
1.9870000000000001 4.2117 303.443 100493
1.9880000000000000 4.574 429.758 149543
1.9890000000000001 5.01467 387.742 -228365
1.9900000000000000 5.38304 443.767 334849
1.9910000000000001 5.90268 503.967 -212750
1.9920000000000000 6.27191 206.163 -380705
1.9930000000000001 6.34937 10.3967 -12521.2
1.9940000000000000 6.33422 -59.9999 -127547
1.9950000000000001 6.23153 -124.276 -954.844
1.9960000000000000 6.13124 -51.8547 145105
1.9970000000000001 6.11862 -6.71426 -55046.6
1.9980000000000000 6.02634 -235.883 -403286
1.9990000000000001 5.53156 -810.923 -746357
2.0000000000000000 4.43556 -1292.99 -217776
