0.0000000 7.5566
0.0010000 8.5162
0.0020000 11.4165
0.0030000 12.3773
0.0040000 12.5
0.0050000 11.5745
0.0060000 10.5214
0.0070000 11.6017
0.0080000 11.5151
0.0090000 11.5047
0.0100000 10.7211
0.011000 10.9601
0.012000 10.5696
0.013000 10.5046
0.014000 9.85337
0.015000 9.31683
0.016000 9.00486
0.017000 8.68807
0.018000 9.1412
0.019000 8.99042
0.020000 8.63112
0.021000 8.31594
0.022000 7.98102
0.023000 7.74564
0.024000 7.62052
0.025000 7.93194
0.026000 7.21198
0.027000 7.04445
0.028000 6.82871
0.029000 6.93137
0.030000 6.8077
0.031000 6.7854
0.032000 6.6254
0.033000 6.68692
0.034000 6.55146
0.035000 6.01668
0.036000 5.28823
0.037000 4.63748
0.038000 4.59987
0.039000 5.12799
0.040000 4.58872
0.041000 4.5074
0.042000 4.94104
0.043000 5.44005
0.044000 5.99383
0.045000 6.3929
0.046000 7.14221
0.047000 7.63777
0.048000 8.15634
0.049000 8.56215
0.050000 8.9022
0.051000 9.462
0.052000 9.67854
0.053000 9.44836
0.054000 9.72505
0.055000 10.0162
0.056000 10.0082
0.057000 9.59112
0.058000 9.12115
0.059000 8.72175
0.060000 8.25258
0.061000 7.87973
0.062000 7.39372
0.063000 7.17309
0.064000 6.67015
0.065000 6.62693
0.066000 6.69141
0.067000 6.84098
0.068000 6.9952
0.069000 7.13884
0.070000 7.61363
0.071000 8.05529
0.072000 8.08336
0.073000 7.87604
0.074000 7.5003
0.075000 7.73569
0.076000 7.82126
0.077000 8.01382
0.078000 7.92352
0.079000 8.36486
0.080000 8.0617
0.081000 7.75301
0.082000 7.99754
0.083000 7.79656
0.084000 7.69006
0.085000 8.20847
0.086000 8.68085
0.087000 8.22451
0.088000 7.48787
0.089000 7.31905
0.090000 7.25537
0.091000 7.25305
0.092000 7.00619
0.093000 6.65668
0.094000 6.36154
0.095000 6.17179
0.096000 5.83856
0.097000 5.48536
0.098000 5.11997
0.099000 5.04506
0.10000 5.18132
0.10100 5.42393
0.10200 5.76694
0.10300 5.66645
0.10400 5.37685
0.10500 5.25101
0.10600 5.50188
0.10700 5.52706
0.10800 5.39032
0.10900 5.4196
0.11000 5.44382
0.11100 5.42697
0.11200 5.26874
0.11300 5.27724
0.11400 5.27965
0.11500 5.40829
0.11600 5.51888
0.11700 5.51118
0.11800 5.81017
0.11900 5.82396
0.12000 5.90601
0.12100 6.08975
0.12200 6.23507
0.12300 6.47791
0.12400 6.73159
0.12500 7.17309
0.12600 7.30951
0.12700 7.40358
0.12800 7.03474
0.12900 7.2018
0.13000 7.1949
0.13100 6.83946
0.13200 6.87322
0.13300 6.8887
0.13400 6.94757
0.13500 6.753
0.13600 7.44232
0.13700 7.58508
0.13800 7.83378
0.13900 7.96554
0.14000 7.93338
0.14100 8.02802
0.14200 8.24536
0.14300 8.52767
0.14400 8.80195
0.14500 9.10992
0.14600 9.25428
0.14700 8.90461
0.14800 8.47473
0.14900 8.19564
0.15000 8.02802
0.15100 7.58323
0.15200 7.28232
0.15300 7.33413
0.15400 6.90586
0.15500 6.96288
0.15600 7.33662
0.15700 8.09378
0.15800 8.85488
0.15900 9.09067
0.16000 8.56055
0.16100 8.30952
0.16200 7.86169
0.16300 7.64025
0.16400 7.98006
0.16500 8.41779
0.16600 8.74661
0.16700 8.16757
0.16800 8.39694
0.16900 8.29749
0.17000 8.04406
0.17100 8.00364
0.17200 7.72302
0.17300 7.49541
0.17400 7.78293
0.17500 8.21328
0.17600 8.20125
0.17700 8.12667
0.17800 8.21408
0.17900 7.97148
0.18000 7.52741
0.18100 7.06915
0.18200 6.44936
0.18300 5.648
0.18400 4.99734
0.18500 4.86421
0.18600 4.69707
0.18700 4.45687
0.18800 4.14931
0.18900 4.07528
0.19000 3.72232
0.19100 3.74317
0.19200 3.80501
0.19300 4.26359
0.19400 4.82379
0.19500 5.32239
0.19600 5.58585
0.19700 5.71882
0.19800 6.05125
0.19900 5.98597
0.20000 6.41897
0.20100 6.27525
0.20200 6.6331
0.20300 6.3289
0.20400 6.83488
0.20500 7.47697
0.20600 7.64948
0.20700 7.7567
0.20800 7.75342
0.20900 7.77756
0.21000 7.69559
0.21100 7.25978
0.21200 6.94973
0.21300 6.85526
0.21400 7.04982
0.21500 7.08334
0.21600 7.22995
0.21700 7.56166
0.21800 7.54193
0.21900 7.58123
0.22000 7.82584
0.22100 7.65878
0.22200 7.23468
0.22300 7.11607
0.22400 6.84154
0.22500 7.04405
0.22600 7.20244
0.22700 7.24166
0.22800 7.46991
0.22900 7.78357
0.23000 8.12827
0.23100 8.19644
0.23200 8.40336
0.23300 8.54611
0.23400 8.39935
0.23500 8.29268
0.23600 7.28232
0.23700 8.0034
0.23800 8.03845
0.23900 7.96851
0.24000 7.86481
0.24100 7.94084
0.24200 7.44697
0.24300 7.34945
0.24400 7.13892
0.24500 6.77522
0.24600 6.59003
0.24700 6.5772
0.24800 6.89295
0.24900 7.07901
0.25000 7.48041
0.25100 7.84236
0.25200 8.13789
0.25300 7.91927
0.25400 7.57216
0.25500 7.57248
0.25600 7.7628
0.25700 8.03283
0.25800 8.48516
0.25900 8.52686
0.26000 7.8292
0.26100 7.44753
0.26200 7.24944
0.26300 7.00226
0.26400 6.33524
0.26500 6.13177
0.26600 5.94442
0.26700 5.79293
0.26800 6.24004
0.26900 6.96433
0.27000 6.5841
0.27100 6.42009
0.27200 6.53012
0.27300 6.53421
0.27400 6.6319
0.27500 6.47382
0.27600 6.41648
0.27700 6.06769
0.27800 6.0292
0.27900 5.96961
0.28000 6.15719
0.28100 6.63342
0.28200 6.85197
0.28300 6.63166
0.28400 6.9859
0.28500 6.60118
0.28600 6.65075
0.28700 6.83657
0.28800 6.64898
0.28900 6.2058
0.29000 6.31888
0.29100 6.27765
0.29200 6.39996
0.29300 6.33331
0.29400 6.51705
0.29500 6.68098
0.29600 6.99986
0.29700 6.71202
0.29800 6.79053
0.29900 6.86696
0.30000 7.1382
0.30100 7.26492
0.30200 7.4509
0.30300 7.2998
0.30400 7.54209
0.30500 7.43414
0.30600 7.07765
0.30700 7.20765
0.30800 6.84603
0.30900 6.83208
0.31000 6.96617
0.31100 7.05335
0.31200 6.8992
0.31300 7.05335
0.31400 6.68852
0.31500 6.50446
0.31600 6.32209
0.31700 6.23723
0.31800 6.50534
0.31900 6.74121
0.32000 7.04862
0.32100 6.8814
0.32200 7.05832
0.32300 7.20252
0.32400 7.60857
0.32500 7.14325
0.32600 7.41521
0.32700 7.3715
0.32800 7.65453
0.32900 7.59975
0.33000 8.13709
0.33100 8.23574
0.33200 7.88045
0.33300 7.76785
0.33400 7.69776
0.33500 7.45796
0.33600 7.66985
0.33700 7.56968
0.33800 7.81749
0.33900 7.80194
0.34000 7.36453
0.34100 7.538
0.34200 7.70233
0.34300 7.80514
0.34400 7.71083
0.34500 7.59646
0.34600 7.45299
0.34700 7.80258
0.34800 8.15233
0.34900 8.39935
0.35000 8.61508
0.35100 8.81799
0.35200 8.89659
0.35300 9.11794
0.35400 9.44836
0.35500 9.94961
0.35600 9.9464
0.35700 10.3538
0.35800 10.4733
0.35900 10.5327
0.36000 10.6955
0.36100 10.7628
0.36200 10.7829
0.36300 10.7211
0.36400 10.5271
0.36500 10.2993
0.36600 10.0266
0.36700 9.78761
0.36800 9.90791
0.36900 9.76355
0.37000 9.72986
0.37100 9.81728
0.37200 9.68656
0.37300 9.27513
0.37400 9.1845
0.37500 8.99924
0.37600 8.66
0.37700 8.43784
0.37800 8.09619
0.37900 7.86722
0.38000 7.62076
0.38100 7.41176
0.38200 7.05592
0.38300 6.6343
0.38400 6.48353
0.38500 6.34406
0.38600 6.33355
0.38700 6.3852
0.38800 6.318
0.38900 5.99286
0.39000 5.88524
0.39100 6.03232
0.39200 6.41103
0.39300 6.58498
0.39400 6.78596
0.39500 6.74177
0.39600 7.08992
0.39700 7.31809
0.39800 7.6364
0.39900 8.21248
0.40000 8.14992
0.40100 8.9808
0.40200 8.96877
0.40300 9.32245
0.40400 9.27914
0.40500 8.51724
0.40600 8.31273
0.40700 9.00085
0.40800 9.15002
0.40900 9.41548
0.41000 9.73387
0.41100 9.68415
0.41200 10.1485
0.41300 10.3811
0.41400 10.5455
0.41500 10.997
0.41600 11.0195
0.41700 10.6995
0.41800 10.3923
0.41900 10.3402
0.42000 10.4485
0.42100 10.8013
0.42200 10.3274
0.42300 10.2038
0.42400 10.0795
0.42500 10.0843
0.42600 9.89668
0.42700 9.60315
0.42800 9.1444
0.42900 9.2222
0.43000 9.14521
0.43100 9.39463
0.43200 8.86771
0.43300 8.60787
0.43400 8.83644
0.43500 8.63112
0.43600 8.86771
0.43700 8.69929
0.43800 8.45067
0.43900 8.43704
0.44000 8.35203
0.44100 7.99153
0.44200 7.62534
0.44300 7.25626
0.44400 6.9839
0.44500 6.86271
0.44600 6.93906
0.44700 6.58875
0.44800 6.53598
0.44900 6.32433
0.45000 6.08084
0.45100 6.05799
0.45200 6.57271
0.45300 7.14919
0.45400 7.81669
0.45500 8.15634
0.45600 8.36005
0.45700 8.10581
0.45800 8.2614
0.45900 7.99762
0.46000 7.39596
0.46100 7.31713
0.46200 7.8195
0.46300 8.35524
0.46400 8.7033
0.46500 8.88536
0.46600 8.83804
0.46700 8.94631
0.46800 8.70411
0.46900 8.10982
0.47000 7.95207
0.47100 7.61844
0.47200 7.62726
0.47300 8.0192
0.47400 8.37128
0.47500 8.63112
0.47600 8.85809
0.47700 8.92225
0.47800 9.19413
0.47900 8.96556
0.48000 8.56937
0.48100 8.40977
0.48200 8.00909
0.48300 7.46606
0.48400 7.24799
0.48500 7.07163
0.48600 6.79174
0.48700 6.51168
0.48800 7.07172
0.48900 7.03338
0.49000 6.53454
0.49100 6.70584
0.49200 6.47759
0.49300 6.7684
0.49400 6.49395
0.49500 6.43846
0.49600 6.46276
0.49700 6.26258
0.49800 6.23884
0.49900 6.43244
0.50000 6.45033
0.50100 6.53125
0.50200 6.81155
0.50300 6.8891
0.50400 7.11583
0.50500 7.14534
0.50600 7.07965
0.50700 6.83063
0.50800 6.83256
0.50900 7.31841
0.51000 7.57698
0.51100 7.5615
0.51200 7.35314
0.51300 7.49846
0.51400 7.61635
0.51500 7.30365
0.51600 7.46702
0.51700 7.74371
0.51800 7.61226
0.51900 7.57794
0.52000 7.47881
0.52100 7.02817
0.52200 6.65267
0.52300 6.33315
0.52400 6.11653
0.52500 6.09079
0.52600 6.04732
0.52700 5.61993
0.52800 5.30635
0.52900 5.24765
0.53000 5.00777
0.53100 4.77711
0.53200 4.55905
0.53300 4.45102
0.53400 4.55247
0.53500 4.67037
0.53600 4.89838
0.53700 4.83085
0.53800 4.93832
0.53900 5.10144
0.54000 5.06078
0.54100 5.06471
0.54200 5.34268
0.54300 5.52987
0.54400 5.43243
0.54500 5.40628
0.54600 5.35672
0.54700 5.35584
0.54800 5.18325
0.54900 4.87816
0.55000 4.56097
0.55100 4.22165
0.55200 4.30225
0.55300 4.38092
0.55400 4.26704
0.55500 4.17401
0.55600 4.54742
0.55700 5.05757
0.55800 5.29817
0.55900 5.31301
0.56000 5.3827
0.56100 5.10393
0.56200 5.13906
0.56300 5.28967
0.56400 5.49338
0.56500 5.6954
0.56600 5.70134
0.56700 5.58785
0.56800 5.75748
0.56900 6.04668
0.57000 6.33428
0.57100 6.65435
0.57200 6.8332
0.57300 6.85806
0.57400 6.96096
0.57500 7.22594
0.57600 7.24294
0.57700 7.04268
0.57800 7.02392
0.57900 6.97042
0.58000 6.83144
0.58100 6.4095
0.58200 6.06424
0.58300 6.00658
0.58400 5.71609
0.58500 5.70062
0.58600 5.69508
0.58700 5.3345
0.58800 5.11548
0.58900 4.99325
0.59000 4.88771
0.59100 4.96246
0.59200 5.20923
0.59300 5.52482
0.59400 5.93336
0.59500 6.27605
0.59600 6.36804
0.59700 6.35978
0.59800 6.64794
0.59900 7.16042
0.60000 7.30373
0.60100 7.27631
0.60200 7.89144
0.60300 7.97445
0.60400 8.00444
0.60500 7.8519
0.60600 8.00163
0.60700 8.36566
0.60800 8.2991
0.60900 8.36165
0.61000 8.20446
0.61100 7.81878
0.61200 7.80755
0.61300 7.87091
0.61400 7.93876
0.61500 8.1002
0.61600 8.05609
0.61700 7.95544
0.61800 7.79632
0.61900 7.7
0.62000 7.64635
0.62100 7.7138
0.62200 8.08416
0.62300 8.69368
0.62400 9.07222
0.62500 9.18611
0.62600 9.40505
0.62700 9.45558
0.62800 9.58711
0.62900 9.7042
0.63000 9.80525
0.63100 9.78761
0.63200 9.84696
0.63300 10.0651
0.63400 10.5134
0.63500 10.8302
0.63600 10.7893
0.63700 10.6385
0.63800 10.1966
0.63900 10.1236
0.64000 10.592
0.64100 11.1815
0.64200 11.402
0.64300 11.5279
0.64400 11.4919
0.64500 11.3756
0.64600 11.3956
0.64700 11.471
0.64800 11.459
0.64900 11.2047
0.65000 10.592
0.65100 10.4942
0.65200 10.5688
0.65300 10.8414
0.65400 11.2513
0.65500 11.459
0.65600 11.6234
0.65700 11.69
0.65800 11.5929
0.65900 11.2569
0.66000 10.9553
0.66100 11.3202
0.66200 11.5961
0.66300 11.2922
0.66400 10.6393
0.66500 9.95523
0.66600 9.36736
0.66700 8.71213
0.66800 8.19804
0.66900 7.78509
0.67000 7.69479
0.67100 7.57938
0.67200 7.4918
0.67300 7.14919
0.67400 6.52146
0.67500 6.22336
0.67600 6.1742
0.67700 6.28768
0.67800 6.87771
0.67900 7.05688
0.68000 7.28801
0.68100 7.26804
0.68200 7.06963
0.68300 7.3229
0.68400 7.40438
0.68500 7.26837
0.68600 7.07548
0.68700 7.1556
0.68800 7.32322
0.68900 7.55396
0.69000 7.59574
0.69100 7.33477
0.69200 6.97291
0.69300 6.57456
0.69400 6.22119
0.69500 5.8461
0.69600 5.61031
0.69700 5.69324
0.69800 5.89294
0.69900 5.83664
0.70000 5.83992
0.70100 6.14372
0.70200 6.54496
0.70300 6.97588
0.70400 7.2573
0.70500 7.51578
0.70600 7.81733
0.70700 8.15073
0.70800 8.58701
0.70900 9.13478
0.71000 9.86059
0.71100 10.1244
0.71200 10.3193
0.71300 10.5439
0.71400 10.6457
0.71500 10.4124
0.71600 9.83573
0.71700 9.22541
0.71800 8.92947
0.71900 8.88536
0.72000 8.85328
0.72100 8.68005
0.72200 8.32476
0.72300 7.83353
0.72400 7.59318
0.72500 7.4894
0.72600 7.43286
0.72700 7.54907
0.72800 7.90355
0.72900 8.24055
0.73000 8.72656
0.73100 9.19172
0.73200 9.27673
0.73300 9.15242
0.73400 9.13719
0.73500 9.04014
0.73600 8.94952
0.73700 8.99924
0.73800 9.28796
0.73900 9.45317
0.74000 9.38019
0.74100 9.40425
0.74200 9.43794
0.74300 8.92626
0.74400 9.33368
0.74500 9.62801
0.74600 9.94159
0.74700 10.284
0.74800 10.1758
0.74900 10.4741
0.75000 10.8158
0.75100 10.1004
0.75200 9.32967
0.75300 9.28475
0.75400 9.37458
0.75500 9.79242
0.75600 10.4172
0.75700 10.9289
0.75800 11.4718
0.75900 10.8751
0.76000 10.3113
0.76100 9.76595
0.76200 9.25027
0.76300 8.72897
0.76400 8.259
0.76500 7.88318
0.76600 7.44649
0.76700 7.05207
0.76800 6.64273
0.76900 6.46957
0.77000 5.88259
0.77100 4.99871
0.77200 4.18315
0.77300 3.82995
0.77400 3.26302
0.77500 2.19459
0.77600 1.5732
0.77700 1.82375
0.77800 2.25153
0.77900 2.66882
0.78000 3.01512
0.78100 3.28956
0.78200 3.65351
0.78300 4.04152
0.78400 4.07143
0.78500 3.72369
0.78600 3.321
0.78700 3.02867
0.78800 2.9828
0.78900 3.14809
0.79000 3.32124
0.79100 3.41636
0.79200 3.44467
0.79300 3.5446
0.79400 3.72665
0.79500 3.74542
0.79600 3.71326
0.79700 3.76258
0.79800 3.93132
0.79900 4.01112
0.80000 4.18692
0.80100 4.35462
0.80200 4.48438
0.80300 4.75009
0.80400 5.07016
0.80500 5.48343
0.80600 5.99655
0.80700 6.3427
0.80800 6.50991
0.80900 6.62893
0.81000 6.52162
0.81100 6.26554
0.81200 5.99615
0.81300 5.87024
0.81400 5.95918
0.81500 6.16064
0.81600 6.47631
0.81700 6.5363
0.81800 6.55683
0.81900 6.63013
0.82000 6.52595
0.82100 6.30781
0.82200 6.17091
0.82300 5.96864
0.82400 5.60879
0.82500 5.39201
0.82600 5.44285
0.82700 5.72347
0.82800 6.05293
0.82900 6.47431
0.83000 6.75493
0.83100 6.88533
0.83200 6.82783
0.83300 6.72902
0.83400 6.54616
0.83500 6.22857
0.83600 6.049
0.83700 6.0154
0.83800 5.87216
0.83900 5.51215
0.84000 5.38864
0.84100 5.27163
0.84200 5.14307
0.84300 5.1806
0.84400 5.29769
0.84500 5.32905
0.84600 5.42962
0.84700 5.46747
0.84800 5.52586
0.84900 5.47213
0.85000 5.18862
0.85100 5.09374
0.85200 5.14291
0.85300 5.09863
0.85400 5.36161
0.85500 5.72395
0.85600 6.05005
0.85700 6.33837
0.85800 6.55346
0.85900 6.8409
0.86000 7.14694
0.86100 7.30269
0.86200 7.07797
0.86300 7.02512
0.86400 6.98638
0.86500 6.90305
0.86600 6.39755
0.86700 6.1365
0.86800 5.82156
0.86900 5.22158
0.87000 4.61158
0.87100 4.3405
0.87200 4.29904
0.87300 4.42407
0.87400 4.36577
0.87500 4.12805
0.87600 4.18796
0.87700 4.47917
0.87800 4.72915
0.87900 4.9416
0.88000 5.04009
0.88100 4.56362
0.88200 4.22846
0.88300 4.29856
0.88400 4.20641
0.88500 4.09934
0.88600 4.19783
0.88700 4.40386
0.88800 4.59434
0.88900 5.37107
0.89000 6.02021
0.89100 6.59741
0.89200 7.10893
0.89300 7.62309
0.89400 7.73345
0.89500 7.50038
0.89600 7.41874
0.89700 7.54602
0.89800 7.53904
0.89900 7.43502
0.90000 7.51362
0.90100 7.70473
0.90200 7.86762
0.90300 8.17559
0.90400 8.40656
0.90500 8.25659
0.90600 8.25098
0.90700 8.55493
0.90800 8.50441
0.90900 8.38812
0.91000 8.23173
0.91100 8.23734
0.91200 8.10982
0.91300 7.96586
0.91400 7.84982
0.91500 7.61419
0.91600 7.40807
0.91700 7.2905
0.91800 7.01926
0.91900 6.84828
0.92000 6.67793
0.92100 6.43092
0.92200 6.12327
0.92300 5.67864
0.92400 5.42385
0.92500 5.40893
0.92600 5.17739
0.92700 4.64968
0.92800 4.10712
0.92900 3.53674
0.93000 3.13782
0.93100 2.95385
0.93200 2.94093
0.93300 3.00261
0.93400 3.25933
0.93500 3.44756
0.93600 3.50915
0.93700 3.60603
0.93800 3.76667
0.93900 4.1242
0.94000 4.60885
0.94100 5.03824
0.94200 4.15725
0.94300 4.11899
0.94400 4.07095
0.94500 3.95963
0.94600 4.7152
0.94700 4.55151
0.94800 4.62072
0.94900 5.00969
0.95000 5.3179
0.95100 5.72612
0.95200 6.19336
0.95300 6.4225
0.95400 6.52066
0.95500 6.80746
0.95600 7.01437
0.95700 7.09594
0.95800 7.19442
0.95900 7.20918
0.96000 6.97058
0.96100 6.86384
0.96200 6.84507
0.96300 6.61281
0.96400 6.54352
0.96500 6.69149
0.96600 6.72758
0.96700 6.70745
0.96800 6.43886
0.96900 5.90825
0.97000 5.64688
0.97100 5.48247
0.97200 5.41478
0.97300 5.48271
0.97400 5.69059
0.97500 5.8542
0.97600 6.14067
0.97700 6.47944
0.97800 6.66278
0.97900 6.46003
0.98000 5.94122
0.98100 5.12294
0.98200 4.08202
0.98300 3.21778
0.98400 2.66625
0.98500 1.93138
0.98600 1.42066
0.98700 1.36123
0.98800 1.69174
0.98900 2.12971
0.99000 2.65077
0.99100 3.15956
0.99200 3.3457
0.99300 3.43617
0.99400 3.73395
0.99500 4.06502
0.99600 4.34532
0.99700 4.54999
0.99800 4.6751
0.99900 4.71584
1.0000 4.83205
1.0010 4.86654
1.0020 5.01731
1.0030 5.14884
1.0040 5.12855
1.0050 5.20658
1.0060 5.32247
1.0070 5.51968
1.0080 5.60774
1.0090 5.81185
1.0100 5.92798
1.0110 6.1588
1.0120 6.35858
1.0130 6.45265
1.0140 6.56485
1.0150 6.53133
1.0160 6.56068
1.0170 6.61546
1.0180 6.70288
1.0190 6.63615
1.0200 6.45586
1.0210 6.32096
1.0220 6.18567
1.0230 6.1187
1.0240 6.07154
1.0250 5.94611
1.0260 5.85981
1.0270 5.93408
1.0280 6.0725
1.0290 6.04058
1.0300 6.01211
1.0310 6.19497
1.0320 6.48152
1.0330 6.58643
1.0340 6.68331
1.0350 6.74987
1.0360 6.86167
1.0370 6.91516
1.0380 6.76647
1.0390 6.48762
1.0400 6.29658
1.0410 6.14621
1.0420 6.04933
1.0430 5.94466
1.0440 5.88844
1.0450 5.91355
1.0460 5.83583
1.0470 5.76221
1.0480 5.9206
1.0490 6.17949
1.0500 6.44736
1.0510 6.78139
1.0520 7.024
1.0530 7.28954
1.0540 7.41802
1.0550 7.5242
1.0560 7.7085
1.0570 7.81429
1.0580 7.83771
1.0590 7.72895
1.0600 7.84821
1.0610 8.36566
1.0620 8.6207
1.0630 8.69849
1.0640 8.39534
1.0650 7.38305
1.0660 6.54857
1.0670 5.0988
1.0680 3.48645
1.0690 2.34393
1.0700 1.82968
1.0710 1.08535
1.0720 1.48827
1.0730 1.8527
1.0740 2.11046
1.0750 2.28787
1.0760 2.54178
1.0770 3.00116
1.0780 3.35637
1.0790 3.39511
1.0800 3.45558
1.0810 3.78825
1.0820 4.40362
1.0830 4.92147
1.0840 5.09575
1.0850 5.46635
1.0860 5.4949
1.0870 5.61809
1.0880 5.94747
1.0890 6.00594
1.0900 5.63597
1.0910 5.34862
1.0920 5.24877
1.0930 5.19648
1.0940 5.09029
1.0950 5.00127
1.0960 5.04161
1.0970 5.12173
1.0980 5.06968
1.0990 5.10256
1.1000 5.16785
1.1010 5.37885
1.1020 5.42689
1.1030 5.31999
1.1040 5.04923
1.1050 4.67462
1.1060 4.39496
1.1070 4.16767
1.1080 4.33208
1.1090 4.67141
1.1100 4.88931
1.1110 4.91698
1.1120 4.9801
1.1130 5.12943
1.1140 5.1648
1.1150 5.03054
1.1160 4.9319
1.1170 5.21701
1.1180 5.45087
1.1190 5.39457
1.1200 5.36394
1.1210 5.39505
1.1220 5.28237
1.1230 5.40845
1.1240 5.50982
1.1250 5.20145
1.1260 5.05124
1.1270 4.91121
1.1280 4.79484
1.1290 4.75377
1.1300 4.71993
1.1310 4.7553
1.1320 4.859
1.1330 5.13914
1.1340 5.20073
1.1350 5.22888
1.1360 5.5654
1.1370 5.91058
1.1380 6.12808
1.1390 6.06569
1.1400 5.93336
1.1410 5.90176
1.1420 5.73719
1.1430 5.57414
1.1440 5.4451
1.1450 5.37172
1.1460 5.29224
1.1470 5.28526
1.1480 5.42601
1.1490 5.7995
1.1500 6.12568
1.1510 6.2463
1.1520 6.12006
1.1530 5.92277
1.1540 5.8607
1.1550 5.95268
1.1560 6.04556
1.1570 5.90882
1.1580 5.93384
1.1590 6.34711
1.1600 6.29779
1.1610 6.2252
1.1620 6.13971
1.1630 5.90368
1.1640 5.81506
1.1650 5.70054
1.1660 5.30306
1.1670 4.84865
1.1680 4.60276
1.1690 4.49
1.1700 4.39079
1.1710 4.24386
1.1720 4.01642
1.1730 3.86773
1.1740 3.86676
1.1750 3.92731
1.1760 3.9318
1.1770 3.92699
1.1780 3.77285
1.1790 3.54965
1.1800 3.91536
1.1810 4.35951
1.1820 4.57076
1.1830 3.98257
1.1840 3.11184
1.1850 2.79465
1.1860 2.25073
1.1870 1.88189
1.1880 1.90323
1.1890 1.69382
1.1900 1.37503
1.1910 1.07147
1.1920 0.804727
1.1930 0.783281
1.1940 0.971864
1.1950 1.05784
1.1960 1.11077
1.1970 1.24855
1.1980 1.4339
1.1990 1.50592
1.2000 1.49052
1.2010 1.50231
1.2020 1.67474
1.2030 1.87411
1.2040 1.94156
1.2050 1.97966
1.2060 2.03363
1.2070 2.26525
1.2080 2.48845
1.2090 2.73169
1.2100 2.79714
1.2110 2.75383
1.2120 2.888
1.2130 3.16878
1.2140 3.21738
1.2150 3.20359
1.2160 3.25596
1.2170 3.21802
1.2180 3.21554
1.2190 3.19172
1.2200 3.09861
1.2210 2.98264
1.2220 2.97863
1.2230 3.01303
1.2240 3.02522
1.2250 2.98986
1.2260 2.9678
1.2270 3.11376
1.2280 3.13943
1.2290 3.23936
1.2300 3.22508
1.2310 3.13446
1.2320 3.0877
1.2330 3.27681
1.2340 3.45903
1.2350 3.59152
1.2360 3.75577
1.2370 4.10359
1.2380 4.70285
1.2390 5.00785
1.2400 5.21003
1.2410 5.23289
1.2420 5.03624
1.2430 4.80983
1.2440 4.67341
1.2450 4.56843
1.2460 4.37291
1.2470 4.09429
1.2480 3.92475
1.2490 3.89788
1.2500 3.99412
1.2510 4.091
1.2520 4.32013
1.2530 4.65393
1.2540 5.02806
1.2550 5.25968
1.2560 5.26794
1.2570 5.12887
1.2580 4.79973
1.2590 4.3717
1.2600 4.30233
1.2610 4.86477
1.2620 5.37581
1.2630 5.75579
1.2640 6.36002
1.2650 6.64232
1.2660 6.36547
1.2670 6.0008
1.2680 5.6209
1.2690 5.23185
1.2700 4.85811
1.2710 5.09775
1.2720 5.22615
1.2730 5.08067
1.2740 4.7091
1.2750 4.13728
1.2760 4.04818
1.2770 4.17561
1.2780 4.59386
1.2790 5.12759
1.2800 5.58569
1.2810 5.95389
1.2820 6.26988
1.2830 6.53421
1.2840 6.76535
1.2850 6.86376
1.2860 6.71106
1.2870 6.48666
1.2880 6.23531
1.2890 5.97298
1.2900 5.88467
1.2910 5.8967
1.2920 5.91876
1.2930 5.81105
1.2940 5.69604
1.2950 5.66292
1.2960 5.68682
1.2970 5.71104
1.2980 5.64568
1.2990 5.51535
1.3000 5.57975
1.3010 6.65516
1.3020 6.50815
1.3030 6.59773
1.3040 6.92832
1.3050 6.95984
1.3060 6.78251
1.3070 6.7279
1.3080 6.87258
1.3090 7.02151
1.3100 7.11655
1.3110 7.00659
1.3120 6.83039
1.3130 6.84387
1.3140 7.15039
1.3150 7.80643
1.3160 8.02561
1.3170 7.93002
1.3180 7.54297
1.3190 7.31304
1.3200 7.154
1.3210 7.03145
1.3220 7.0653
1.3230 6.86263
1.3240 6.51697
1.3250 5.9842
1.3260 5.68802
1.3270 5.57406
1.3280 5.61424
1.3290 5.75531
1.3300 5.69051
1.3310 5.40171
1.3320 4.83758
1.3330 4.35871
1.3340 4.05676
1.3350 3.75545
1.3360 3.55182
1.3370 3.44844
1.3380 3.44154
1.3390 3.5458
1.3400 3.71992
1.3410 3.92034
1.3420 4.01337
1.3430 4.1538
1.3440 4.30979
1.3450 4.51759
1.3460 4.7622
1.3470 5.03111
1.3480 5.20891
1.3490 5.29657
1.3500 5.46298
1.3510 5.46619
1.3520 5.48319
1.3530 5.48953
1.3540 5.78835
1.3550 5.98926
1.3560 5.98492
1.3570 6.05149
1.3580 6.0304
1.3590 5.93312
1.3600 5.78643
1.3610 5.823
1.3620 5.80375
1.3630 5.97674
1.3640 6.23066
1.3650 6.29594
1.3660 6.29369
1.3670 6.39771
1.3680 6.51561
1.3690 6.51208
1.3700 6.49018
1.3710 6.61065
1.3720 6.67978
1.3730 6.49444
1.3740 6.34005
1.3750 6.27725
1.3760 6.288
1.3770 6.42691
1.3780 6.57977
1.3790 6.75549
1.3800 6.94612
1.3810 7.1601
1.3820 7.14606
1.3830 7.04405
1.3840 6.71892
1.3850 6.27373
1.3860 6.04082
1.3870 5.80351
1.3880 5.57406
1.3890 5.34445
1.3900 5.03664
1.3910 4.90511
1.3920 4.90543
1.3930 4.92837
1.3940 5.12534
1.3950 5.24909
1.3960 5.24324
1.3970 5.10906
1.3980 4.92444
1.3990 4.72113
1.4000 4.48944
1.4010 4.35205
1.4020 4.13158
1.4030 3.85826
1.4040 3.59521
1.4050 3.44299
1.4060 3.37441
1.4070 3.19533
1.4080 3.10534
1.4090 2.96066
1.4100 2.90051
1.4110 2.99988
1.4120 3.11192
1.4130 3.25516
1.4140 3.43505
1.4150 3.66522
1.4160 3.85682
1.4170 3.9302
1.4180 3.95939
1.4190 4.00094
1.4200 4.06975
1.4210 4.2182
1.4220 4.35662
1.4230 4.47925
1.4240 4.59089
1.4250 4.71817
1.4260 4.90984
1.4270 5.04009
1.4280 5.04185
1.4290 5.99535
1.4300 5.96496
1.4310 6.04596
1.4320 6.25769
1.4330 6.50735
1.4340 6.68988
1.4350 6.73856
1.4360 6.65796
1.4370 6.6878
1.4380 6.73103
1.4390 6.79366
1.4400 6.75741
1.4410 6.63206
1.4420 6.42458
1.4430 6.18879
1.4440 6.08108
1.4450 5.98805
1.4460 5.89085
1.4470 5.68321
1.4480 5.36979
1.4490 4.99614
1.4500 4.509
1.4510 4.44829
1.4520 4.72731
1.4530 5.37292
1.4540 5.8939
1.4550 6.31374
1.4560 6.64353
1.4570 6.96609
1.4580 7.46718
1.4590 7.17766
1.4600 6.96754
1.4610 6.86031
1.4620 6.72589
1.4630 6.45963
1.4640 6.21863
1.4650 5.98982
1.4660 5.56612
1.4670 5.5581
1.4680 5.54936
1.4690 5.67808
1.4700 5.84602
1.4710 6.14709
1.4720 6.79527
1.4730 7.46293
1.4740 7.80603
1.4750 7.78397
1.4760 7.77491
1.4770 7.8584
1.4780 7.86088
1.4790 7.61563
1.4800 7.38385
1.4810 6.99785
1.4820 6.4314
1.4830 6.03714
1.4840 5.63686
1.4850 5.29039
1.4860 5.11163
1.4870 5.17659
1.4880 5.46162
1.4890 5.62066
1.4900 5.56412
1.4910 5.4301
1.4920 5.22383
1.4930 5.11852
1.4940 5.19512
1.4950 5.29256
1.4960 5.39666
1.4970 5.48279
1.4980 5.61063
1.4990 5.6638
1.5000 5.66509
1.5010 6.27573
1.5020 6.61498
1.5030 6.91228
1.5040 6.8413
1.5050 6.87835
1.5060 7.17702
1.5070 7.57313
1.5080 7.96611
1.5090 8.30471
1.5100 8.48356
1.5110 8.29749
1.5120 8.0601
1.5130 7.81108
1.5140 7.77363
1.5150 7.77932
1.5160 7.82271
1.5170 7.80041
1.5180 7.74836
1.5190 7.70497
1.5200 7.52011
1.5210 7.28657
1.5220 7.08735
1.5230 6.59701
1.5240 6.14516
1.5250 5.63036
1.5260 5.16793
1.5270 5.01563
1.5280 4.70413
1.5290 4.1052
1.5300 3.85032
1.5310 3.97239
1.5320 4.25196
1.5330 4.64157
1.5340 4.97601
1.5350 5.80014
1.5360 6.20636
1.5370 6.84699
1.5380 7.29788
1.5390 7.47247
1.5400 7.64707
1.5410 7.60809
1.5420 7.60256
1.5430 7.70353
1.5440 8.15233
1.5450 8.0986
1.5460 8.04246
1.5470 8.09539
1.5480 8.07454
1.5490 7.63352
1.5500 7.2678
1.5510 7.02183
1.5520 6.96072
1.5530 7.3472
1.5540 7.34143
1.5550 7.68316
1.5560 7.83843
1.5570 7.46502
1.5580 6.78749
1.5590 6.51376
1.5600 5.73334
1.5610 5.32215
1.5620 4.79251
1.5630 4.46321
1.5640 4.18604
1.5650 4.14016
1.5660 4.25212
1.5670 4.55335
1.5680 4.75618
1.5690 5.02605
1.5700 5.2948
1.5710 5.53067
1.5720 5.71834
1.5730 5.83054
1.5740 6.017
1.5750 6.31383
1.5760 6.6019
1.5770 6.87178
1.5780 6.92727
1.5790 6.98783
1.5800 7.0252
1.5810 7.08302
1.5820 7.10652
1.5830 7.10877
1.5840 7.10179
1.5850 7.0912
1.5860 7.06827
1.5870 6.97395
1.5880 6.86841
1.5890 6.74939
1.5900 6.61209
1.5910 6.61987
1.5920 6.70937
1.5930 6.81283
1.5940 6.82085
1.5950 6.73913
1.5960 6.61
1.5970 6.42731
1.5980 6.22087
1.5990 6.01909
1.6000 5.88476
1.6010 5.88965
1.6020 5.94073
1.6030 6.03794
1.6040 6.11493
1.6050 6.17668
1.6060 6.10643
1.6070 5.92846
1.6080 5.86094
1.6090 5.83936
1.6100 5.98236
1.6110 6.23643
1.6120 6.38336
1.6130 6.54985
1.6140 6.43709
1.6150 6.31126
1.6160 6.41047
1.6170 5.94258
1.6180 5.74152
1.6190 5.62812
1.6200 5.30314
1.6210 4.82283
1.6220 4.26536
1.6230 3.71382
1.6240 3.33255
1.6250 3.2064
1.6260 3.38645
1.6270 3.67228
1.6280 4.11201
1.6290 4.52119
1.6300 4.99149
1.6310 5.47966
1.6320 5.8882
1.6330 6.30725
1.6340 6.45891
1.6350 6.4091
1.6360 6.42731
1.6370 6.42338
1.6380 6.41945
1.6390 6.51112
1.6400 6.66598
1.6410 6.78821
1.6420 6.84788
1.6430 6.91132
1.6440 6.61377
1.6450 6.15495
1.6460 5.91363
1.6470 5.83984
1.6480 5.84698
1.6490 5.91234
1.6500 6.22809
1.6510 6.98718
1.6520 7.73521
1.6530 8.15794
1.6540 8.25338
1.6550 8.34641
1.6560 8.29509
1.6570 8.1018
1.6580 7.73264
1.6590 7.70161
1.6600 7.44938
1.6610 7.10853
1.6620 6.82253
1.6630 7.03097
1.6640 6.85959
1.6650 6.41399
1.6660 6.11958
1.6670 5.94146
1.6680 5.86671
1.6690 6.07339
1.6700 6.42707
1.6710 6.67673
1.6720 6.72373
1.6730 6.26274
1.6740 6.60928
1.6750 6.62187
1.6760 6.65716
1.6770 6.81475
1.6780 7.01942
1.6790 7.13299
1.6800 7.47376
1.6810 7.24655
1.6820 7.28649
1.6830 7.43663
1.6840 7.47255
1.6850 7.47673
1.6860 7.39564
1.6870 6.97211
1.6880 6.6023
1.6890 6.39932
1.6900 6.22176
1.6910 6.0952
1.6920 5.96255
1.6930 5.84682
1.6940 5.78362
1.6950 5.78106
1.6960 5.80006
1.6970 5.85588
1.6980 5.93889
1.6990 6.06705
1.7000 6.21534
1.7010 6.35128
1.7020 6.43501
1.7030 6.48545
1.7040 6.62829
1.7050 6.78468
1.7060 6.81123
1.7070 6.67625
1.7080 6.51994
1.7090 6.70841
1.7100 7.11919
1.7110 7.52035
1.7120 7.68974
1.7130 7.78862
1.7140 7.80073
1.7150 7.73208
1.7160 7.56334
1.7170 7.39749
1.7180 7.21062
1.7190 7.03009
1.7200 6.93674
1.7210 6.89086
1.7220 6.87378
1.7230 6.86263
1.7240 6.79759
1.7250 6.68242
1.7260 6.50414
1.7270 6.36082
1.7280 6.34518
1.7290 6.37518
1.7300 6.57391
1.7310 6.85542
1.7320 7.02119
1.7330 7.05399
1.7340 6.99336
1.7350 6.915
1.7360 6.88437
1.7370 6.89752
1.7380 6.91075
1.7390 6.83015
1.7400 6.73864
1.7410 5.99182
1.7420 5.24524
1.7430 5.33113
1.7440 5.59355
1.7450 5.65859
1.7460 5.61881
1.7470 5.60662
1.7480 5.75371
1.7490 5.88371
1.7500 5.92044
1.7510 5.98236
1.7520 6.15784
1.7530 6.52531
1.7540 6.82526
1.7550 6.97259
1.7560 6.95639
1.7570 6.7372
1.7580 6.09448
1.7590 5.51688
1.7600 5.23818
1.7610 5.11307
1.7620 4.87536
1.7630 4.44188
1.7640 4.13006
1.7650 4.12388
1.7660 4.14137
1.7670 3.82562
1.7680 2.97887
1.7690 2.29139
1.7700 1.87548
1.7710 1.53655
1.7720 1.35145
1.7730 1.23059
1.7740 1.15432
1.7750 1.31921
1.7760 1.66648
1.7770 1.92151
1.7780 2.05095
1.7790 2.41619
1.7800 2.90236
1.7810 3.28267
1.7820 3.63338
1.7830 3.76483
1.7840 3.82305
1.7850 3.75111
1.7860 3.60154
1.7870 3.50779
1.7880 3.41323
1.7890 3.27962
1.7900 3.10695
1.7910 2.89907
1.7920 2.69713
1.7930 2.54723
1.7940 2.45292
1.7950 2.41434
1.7960 2.41522
1.7970 2.42156
1.7980 2.38002
1.7990 2.37985
1.8000 2.5749
1.8010 2.68822
1.8020 2.66521
1.8030 2.74484
1.8040 2.87621
1.8050 3.04391
1.8060 3.1675
1.8070 3.38877
1.8080 3.48068
1.8090 3.52222
1.8100 3.56738
1.8110 3.65159
1.8120 3.8577
1.8130 4.1388
1.8140 4.46137
1.8150 4.80895
1.8160 5.09591
1.8170 5.25422
1.8180 5.13545
1.8190 4.91016
1.8200 4.77976
1.8210 4.81882
1.8220 4.79716
1.8230 4.56154
1.8240 4.26832
1.8250 3.83837
1.8260 3.34073
1.8270 2.97863
1.8280 2.93468
1.8290 3.00654
1.8300 3.04439
1.8310 3.14111
1.8320 3.34282
1.8330 3.72826
1.8340 4.09942
1.8350 4.45006
1.8360 4.75185
1.8370 5.04001
1.8380 5.24564
1.8390 5.39249
1.8400 5.30812
1.8410 5.20506
1.8420 5.39505
1.8430 5.86751
1.8440 6.43396
1.8450 6.94676
1.8460 7.4436
1.8470 7.92248
1.8480 8.19644
1.8490 8.10261
1.8500 7.62012
1.8510 7.00683
1.8520 6.52074
1.8530 6.35008
1.8540 6.36122
1.8550 6.39274
1.8560 6.23459
1.8570 6.38721
1.8580 6.42803
1.8590 6.18294
1.8600 5.9915
1.8610 5.94202
1.8620 5.85853
1.8630 5.66733
1.8640 5.26689
1.8650 4.70726
1.8660 4.2842
1.8670 4.53579
1.8680 4.72097
1.8690 4.86926
1.8700 4.8124
1.8710 4.7148
1.8720 4.58576
1.8730 4.603
1.8740 4.83806
1.8750 5.1409
1.8760 5.44943
1.8770 5.76341
1.8780 6.10274
1.8790 6.44231
1.8800 6.73263
1.8810 6.86721
1.8820 6.96056
1.8830 7.08399
1.8840 7.23308
1.8850 7.43711
1.8860 7.65044
1.8870 7.81701
1.8880 7.91774
1.8890 7.93796
1.8900 7.86874
1.8910 7.7701
1.8920 7.67803
1.8930 7.47488
1.8940 7.11767
1.8950 6.9936
1.8960 6.8008
1.8970 6.45714
1.8980 5.90841
1.8990 5.38784
1.9000 4.95748
1.9010 4.70437
1.9020 4.5726
1.9030 4.43899
1.9040 4.21764
1.9050 4.07873
1.9060 3.92635
1.9070 4.00743
1.9080 4.03262
1.9090 3.95137
1.9100 3.84848
1.9110 3.80357
1.9120 3.86748
1.9130 4.00832
1.9140 4.14097
1.9150 4.21242
1.9160 4.24057
1.9170 4.21307
1.9180 4.14762
1.9190 4.08763
1.9200 4.07937
1.9210 4.15316
1.9220 4.29856
1.9230 4.50756
1.9240 4.77743
1.9250 5.05196
1.9260 5.29609
1.9270 5.53741
1.9280 5.7841
1.9290 5.96824
1.9300 6.05702
1.9310 6.05285
1.9320 5.94795
1.9330 5.78603
1.9340 5.5346
1.9350 5.25422
1.9360 5.10369
1.9370 5.08075
1.9380 5.0048
1.9390 4.70333
1.9400 4.55344
1.9410 4.22293
1.9420 3.72858
1.9430 3.10294
1.9440 2.54835
1.9450 1.94718
1.9460 1.85206
1.9470 1.73529
1.9480 1.6364
1.9490 1.81765
1.9500 1.8195
1.9510 1.86994
1.9520 2.01623
1.9530 2.15345
1.9540 2.27359
1.9550 2.40632
1.9560 2.47714
1.9570 2.647
1.9580 2.66857
1.9590 2.79345
1.9600 2.94703
1.9610 3.03212
1.9620 3.36054
1.9630 3.72481
1.9640 4.05491
1.9650 4.30177
1.9660 4.38285
1.9670 4.27089
1.9680 4.10231
1.9690 4.01994
1.9700 4.05684
1.9710 4.24258
1.9720 4.15492
1.9730 4.34379
1.9740 4.4738
1.9750 4.45102
1.9760 4.18219
1.9770 3.82353
1.9780 3.57467
1.9790 3.47731
1.9800 3.53834
1.9810 3.73187
1.9820 3.99613
1.9830 4.30465
1.9840 4.65344
1.9850 4.82595
1.9860 4.94938
1.9870 4.72346
1.9880 4.72947
1.9890 4.7784
1.9900 4.63757
1.9910 4.84079
1.9920 5.01892
1.9930 5.14619
1.9940 5.32704
1.9950 5.48608
1.9960 5.65161
1.9970 5.74777
1.9980 5.86286
1.9990 5.96183
2.0000 6.01628
